21581
19546
16748
18386
14968
22119
19805
23394
9805
20625
12086
14720
22274
20386
34456
8074
37014
21357
20514
46157
30494
48055
28730
45455
27311
15865
27179
25139
10946
35038
39830
23145
25772
23381
12911
31270
13236
13786
17848
15787
17226
34334
22161
34811
12524
22687
19343
17441
26453
21781
15407
27787
32943
24856
23466
41815
27671
39649
18477
30447
16996
50961
56637
74074
31849
42921
23537
17669
47708
22748
26826
13412
53485
35342
10440
10952
22151
12712
13973
10294
19019
17133
12996
25305
11995
6559
12135
10840
9507
8885
19480
25786
37295
21980
39992
30373
34382
25415
15511
14356
16226
7677
10996
13112
9179
7264
10197
49985
68070
79110
72846
59584
93573
61081
79759
23669
88416
30573
34469
19287
23157
20963
55218
88908
39236
57444
99922
60071
31142
99079
29169
57776
51452
34360
51066
39876
71982
60678
65501
50050
38365
58534
48347
27552
24727
61956
41009
75251
36468
9794
44219
25385
30861
80297
65459
23457
53069
13991
18116
49656
46508
54299
38199
88645
59172
40836
90240
30834
62703
21482
49458
63582
55980
53025
77132
66046
70041
62692
56939
70959
38346
37443
41164
105479
58227
36640
45337
26947
32826
64930
29893
39351
52554
48808
50999
33297
41394
58958
49067
39376
39014
46147
68270
48687
12571
68579
55690
38678
32912
69245
71019
23732
53481
61659
40597
46947
53202
45158
58646
50751
29068
46872
39694
45301
23693
27914
26735
42613
53109
27711
32605
34911
39121
18104
22044
27679
70755
82912
51021
75002
80744
87282
50039
38621
58791
61085
69329
87551
57295
56243
27238
22630
20944
44650
56518
70484
29025
51809
89771
19107
25383
49418
47531
29858
34052
23806
44690
58968
34359
55308
39000
33432
40426
25079
34887
36223
25357
29465
26885
14847
40541
39193
24728
23255
13257
21277
12337
15747
22189
12474
22715
23633
35658
29320
37620
17973
30178
18634
51759
35187
40017
34464
16303
18582
22254
50770
42888
8748
23800
9931
12649
14067
13836
12792
11194
26856
28774
25569
28814
41036
51973
38151
37482
47532
57433
29900
31715
49981
39501
18498
20654
28786
51980
54987
51131
41563
26180
17237
41745
24008
38986
29738
16105
11620
17152
32049
42548
11934
19537
21822
24170
33322
31081
36207
34856
22794
32238
31409
41596
35516
60057
44044
57234
46337
46132
40456
55017
50239
54693
52929
65023
20614
15018
11569
13326
16367
9541
23643
20347
13552
25689
18811
72480
16830
17416
19351
21478
23696
13923
10168
11324
24669
37053
60223
52972
47701
44781
43478
51268
45334
36500
29186
35115
22808
63528
30154
33698
43663
30868
28526
48879
44701
79759
62942
58935
35451
76255
36727
56870
33458
92330
53580
91802
79918
49251
76290
45468
48479
101157
35689
103397
40329
68252
71358
63807
50892
59367
63610
17329
25261
20827
29141
25235
19056
26489
15844
24265
25684
29696
41979
46441
48561
27039
35311
44504
13180
12729
17497
13779
82877
37181
84925
90381
101579
107808
99603
30817
69764
53833
73838
44912
88259
83429
82915
130197
15642
22580
23923
22711
55799
49003
52102
45236
25783
37841
45439
43039
50931
53561
42326
47281
42525
9614
17106
11581
14192
12263
17351
22988
70061
62584
26686
44795
147207
28627
102393
138807
57462
65408
32056
44047
82453
74017
71017
68063
51265
81538
35191
76902
193151
64215
67047
91916
36585
16896
58144
24808
121575
123754
182244
127225
16281
26377
14553
60497
74963
159141
84818
71555
66201
78370
107522
71890
84122
94192
56311
46540
92894
39119
42999
36909
41340
99437
91532
105522
52833
79772
128113
71878
60331
78107
56359
60744
126535
46689
99015
89455
83687
85709
91927
113980
129780
52883
148525
293142
79522
45803
47299
21637
26023
24648
31232
67065
65611
34130
48457
24734
39110
84969
56937
45081
41193
16378
29129
40480
63198
42420
54126
24701
28063
19235
32657
25423
31285
24370
60737
14819
20856
11264
11108
13040
10131
8679
7986
10390
6633
29548
7298
8721
12852
10208
9846
7469
13727
16113
31780
29762
44822
26495
33050
39439
63291
32802
44598
65595
56279
60360
55708
24263
35786
17240
18297
35307
104606
85214
84144
82532
49330
52706
24754
83473
80694
87079
72896
47787
79575
56948
37793
58881
66376
33261
27990
23299
25695
48416
46322
49114
72763
60428
40456
67260
76613
73259
53155
82799
81410
38549
35613
45249
102655
93830
106026
67673
6593
30422
33025
8787
8449
13523
11116
21132
24557
14197
18415
27941
20145
16712
31998
25834
37171
42668
32536
22879
28885
27335
36485
25012
43038
24861
50246
38827
23354
35597
31666
43560
38771
41846
36222
48015
45081
36102
41323
22799
23628
12397
27351
20124
17617
12050
21664
14660
11606
21241
66223
18080
24191
19574
33432
36008
39511
41247
31267
34954
19737
28826
24368
35037
17062
12982
9402
15870
19110
13532
25578
21015
17968
18606
18089
22030
69675
44275
59999
46118
50092
42223
64387
28571
20395
57444
68682
46408
28686
37525
56605
70696
39822
44516
36734
42525
59223
61739
34127
29662
54241
35753
37334
30043
45674
13076
20771
14683
21945
27079
48550
19679
14285
12420
8046
62073
90294
26902
53794
31304
26398
33759
61219
46441
57568
66965
29086
61067
73838
38974
37119
41089
30689
11119
8689
27927
27800
15107
20969
21393
5970
16594
5807
31896
6328
8131
9533
11058
48642
49811
61652
59067
53387
52845
59522
61139
51533
18930
35750
30549
12883
60248
48272
48001
32242
10342
13061
7204
11053
12563
43384
41490
51810
28256
40222
42966
26834
32811
31770
35801
54748
15008
18394
39961
30556
35097
21228
25076
278271
255577
131408
273355
251249
233182
236077
248290
52556
286574
70505
242200
83697
282717
110795
295554
48824
194507
60812
45063
95237
79234
138349
59474
122586
75539
207642
57613
135929
127895
63535
65557
48012
96601
153573
233217
192208
197895
155497
165287
108708
110165
291060
45011
116902
282927
118837
87212
233016
72969
58892
86362
77598
72497
55924
92277
82298
39355
15913
16048
70812
60210
63639
33869
48176
84317
92377
36622
50363
100812
58624
103059
76700
90298
53017
79304
97361
32637
73621
47308
30934
55724
57900
71267
139813
64561
100667
130133
83935
90848
46143
42313
68816
44686
40365
71327
89659
83462
27637
36794
36747
30961
13267
20410
19534
15618
23740
16268
14895
31047
14885
21464
7888
76848
106100
31031
68146
42045
71185
67053
49691
57419
65883
48002
77371
62659
68233
82737
60930
50920
87315
49982
65898
55535
93971
73351
44065
42521
92022
18671
40694
16855
21705
12260
10803
12457
21268
8897
5887
103299
82433
90367
34171
38664
12872
62946
41436
33723
26113
45914
44175
70526
50821
72338
30973
48761
69277
63541
59482
29331
76959
53779
61996
96015
34233
17988
41442
21677
75350
15154
13125
13721
19501
6266
8829
16819
8297
23578
7247
21530
8429
14723
66754
64377
46374
32611
24741
40681
67100
27502
75467
57287
55197
91557
69893
30428
40655
48446
44624
64550
40359
66787
54721
34558
56946
84939
59500
52214
29176
26770
18243
28964
26162
16468
12662
28753
14614
34094
18488
43729
88429
76598
80188
22359
100960
28924
45817
75184
17674
27610
53793
93888
98734
16743
120471
11524
10233
18143
170465
25444
90921
88143
57745
57191
78666
47442
64335
50573
105121
107466
99585
70756
72813
77353
67363
85413
44801
49388
64426
70678
41558
36720
103756
89181
146064
140980
155030
124974
132877
153302
163731
193798
107047
156488
186805
118123
149035
173230
171583
117973
22356
134810
154462
98014
110683
117659
53806
16222
76347
109747
35901
54078
28381
99678
82558
105807
54055
68302
30465
80612
65407
18441
16671
19534
41440
45717
16621
18482
13496
52631
22311
25056
36548
81281
26612
39446
19899
16435
34540
29443
60294
42844
32353
53027
46489
37297
55843
67620
19991
82710
52590
55577
27399
52711
33110
16634
14138
23673
24883
24833
39321
30016
27121
8335
23467
28563
17803
18575
38139
50398
39384
29729
24702
16203
24043
15752
28866
11099
13373
26140
24350
22475
19040
18784
15835
20719
13154
15212
19672
25381
14606
24846
29512
24089
32451
21546
26921
11918
64665
62257
53768
62004
58176
18723
71378
45339
42343
44423
51110
33068
53393
93155
24192
95409
23859
97937
15575
18021
31910
66881
31698
62493
42455
75929
66426
71277
59651
64833
45681
40080
42334
52342
62172
17690
25648
21938
31243
16486
10538
16555
15726
73583
53306
40546
42202
91804
43862
51700
80338
108537
99276
89317
37194
94545
66281
42476
69365
69026
57598
51272
55831
91274
68517
47231
93438
91694
102500
107187
70723
81998
130733
101251
72194
77041
78995
91452
95014
38596
87433
57078
134214
98304
111864
32079
124653
61574
139042
80960
111710
69937
143073
93148
117025
38047
98020
32267
22301
107173
116783
35266
13200
18822
25155
71898
35961
114180
104190
28201
93440
18606
14364
10425
62458
70750
87136
97182
83480
35519
64913
77628
39308
72528
76379
34055
40253
47683
44519
24142
61608
24878
39431
59193
63509
33483
39242
37084
17462
13664
13012
52560
27851
30607
36105
26459
15648
51673
24191
71693
54675
42679
38272
46592
47028
60958
51928
58124
29204
22710
61205
26561
33744
32037
22267
26367
35039
19310
24813
15010
27216
23692
15492
10606
12704
14371
23729
30922
13986
21717
21143
35551
15296
17363
24746
26264
19785
19692
22970
18634
20626
29103
27790
33440
47801
40919
42887
27282
51638
30790
38175
27165
67835
55913
60566
36505
58379
65980
43370
33218
61602
26592
21295
27415
29332
34025
20980
24315
28767
20542
31002
17261
12337
16094
24844
18067
30730
24465
33902
69995
48701
21226
17760
20414
28718
29435
47754
32695
67383
50444
44711
48953
28957
39253
36879
79228
78866
72766
49819
44976
42593
16821
19116
18807
22288
10802
16981
10678
20766
10457
6688
11109
18612
14933
11942
10080
7957
13934
7829
9530
42226
32564
31081
24913
65042
36780
50947
59207
27719
17547
31426
41668
58759
25241
66261
32328
42444
46719
50758
23598
53255
31195
79384
71596
30666
28767
21057
25867
14734
35705
10101
11234
21972
106667
112614
44801
40040
70478
77162
83226
52937
51217
49344
24190
86135
106921
109216
31123
129631
92246
86388
97093
36003
72842
69055
120072
78015
75224
104413
82304
107721
79696
14023
99571
20690
61115
65999
16116
30368
75042
23378
21603
51777
44131
75790
86418
15627
36644
66682
78118
108159
72917
68914
64201
93690
70182
26886
55403
33433
62201
22565
90591
44945
35508
46778
73109
54100
67616
38884
118932
52959
60487
66999
121091
78014
115357
102167
118335
27654
29388
38821
100628
31771
54440
31583
19013
31760
45394
41202
25935
23513
25577
56862
85608
58476
20007
54611
23388
45375
89427
72109
57425
65376
16177
10638
28186
30011
10856
17865
16890
14257
21814
42065
22718
34252
63426
29874
50267
26553
36019
16373
9340
31356
28325
8952
11694
21750
63550
35914
36725
16838
41903
27958
33482
24281
62403
16441
64252
38432
26605
36799
68443
30047
23144
33266
19074
13507
8428
13835
19004
7180
12319
10546
17867
20204
16325
25959
19308
16997
13868
21288
16479
27753
9941
12049
22708
12395
64197
47027
45200
17188
52524
33229
21330
34888
15807
24177
49107
59857
69235
11016
13280
78804
51144
61718
99231
121732
60331
27061
25223
23620
82654
16649
20391
15128
23327
26590
26273
30420
28982
16635
23097
25952
42249
16587
15676
47257
54922
13459
64191
62365
28359
50803
23064
54972
44841
38609
48867
37813
13274
11523
26542
28756
34822
62338
48914
47136
29063
43164
9228
14348
8471
9599
10017
38640
40452
10345
22337
57029
33871
15459
28759
10897
8845
14741
15069
20804
28153
71608
43598
45325
50476
73571
77493
63191
59255
84363
58586
51062
31960
45434
74613
77893
45934
84484
43588
35431
44972
40380
91911
103234
83502
76098
30206
41336
26089
82034
41926
43507
29563
52990
108016
100567
108123
79824
52327
66796
99060
95176
79224
22453
83048
117405
63849
20583
56881
111870
93830
90183
102805
66852
104483
111666
53870
58154
51660
82803
62868
110140
81232
85198
113438
67577
103616
80281
52940
32685
25035
80891
49917
96223
89500
59712
24700
22983
62591
72740
110464
61164
122702
53432
76194
52638
61188
69297
119027
50742
46429
43730
45181
50277
60453
47093
31903
29958
58424
43528
23132
43201
25058
41422
37543
47429
23428
27534
21204
5931
13495
9839
6769
30235
25515
26970
41178
53585
14217
65987
46302
69934
63148
15416
36826
57691
27189
60856
39541
36026
43024
38796
29375
33295
33858
15504
18777
24211
15164
6968
21406
17524
23691
10494
10905
18446
15917
10603
16020
8078
8473
20501
15296
6539
13300
12123
12385
30502
17461
48155
31980
42533
26124
30716
14428
40837
8354
43733
37533
11642
31242
19463
28975
51435
25268
43322
18281
21069
19937
31783
21210
17826
10448
21552
20767
20191
10953
7104
5764
10989
9847
8545
4723
6095
28826
66159
67670
67726
40907
21368
26538
51129
37253
44897
39715
18152
50037
28104
44467
16310
48412
31860
20757
60866
14978
33988
30634
22705
24751
26950
23371
12737
7927
21132
28816
27896
23583
32417
42331
35292
35693
36882
47525
54616
40824
61620
68277
58760
128212
121088
119828
107452
136956
60393
46506
127108
80971
71279
66161
64341
90312
40861
45366
28523
39213
52896
49185
62904
40440
36714
18670
16284
33893
59378
56178
57507
60673
51860
70298
39819
42064
28701
30645
24937
48922
50822
36807
16570
30036
33093
45146
18758
42206
40134
36338
26413
30716
44738
73813
119262
131901
134352
61891
83624
68244
125121
83084
21200
33062
65188
117045
119386
30119
32200
26199
90475
145970
20735
24717
17472
20522
23158
15415
17682
12904
8644
6706
19781
13265
5255
40506
26650
44622
42917
55367
38099
50319
35304
31940
37906
49164
41247
33926
56168
23802
12222
26078
14944
9456
28202
21005
12838
15611
18666
22635
13863
117357
39105
21584
31516
61355
44873
37936
100414
74250
37095
61045
56830
27405
45983
55947
61150
127144
50453
27119
41303
73775
68108
87782
27960
21547
38883
59689
88020
110275
76807
62621
42982
105810
39864
15581
30341
26027
20345
25981
20523
14151
20225
19715
12215
8344
17358
27143
7652
19981
73650
37775
19290
33312
50023
48214
36056
46695
54539
17109
56999
34701
72754
23332
85626
67170
71992
31566
34380
64016
27975
39754
43579
52812
54718
118853
75137
95498
81528
94157
50429
104635
112565
116668
89898
79187
51265
64443
21489
79655
61819
32761
134547
40789
43009
68645
128607
56224
54389
76306
73291
91554
85466
92330
86567
123598
80131
118288
52190
140556
54110
85841
87099
78376
92965
62958
24871
31153
76568
25415
12538
22282
17930
64456
62421
44386
70733
26588
12295
20907
52231
25791
49217
33974
25962
30903
38907
45225
87890
34259
87618
48169
31350
22286
20241
47495
56697
20004
47810
22169
27291
13788
19710
21956
20289
38114
47160
11956
15792
14905
23999
35077
16255
31343
20149
14754
13728
28923
11998
19082
78490
21735
23517
42165
26517
43524
32557
38976
34835
27645
37500
40105
32268
48314
19758
13348
30863
11050
21777
25442
33164
22255
13229
22515
21261
21671
15704
19440
13960
18307
17340
22242
13775
19378
12676
14538
22394
24620
23252
18768
24381
27881
47570
42251
52699
54927
67181
63102
35225
58001
86549
51033
41255
31305
55328
50744
50961
64933
81053
33781
38607
37939
11613
17390
17711
14374
66606
70229
35300
28409
21306
20099
25826
20852
19108
70599
29311
37229
46686
23546
39417
33947
35750
44182
46279
21693
25195
15945
12030
21485
14215
10083
9494
7592
19300
14988
101247
84181
75655
54064
100580
112273
52737
80103
51759
74082
73839
79184
85502
53942
71484
55420
150988
114908
94602
120089
150551
80243
66414
130943
95332
93002
146822
51588
76840
70082
75689
73315
243205
55339
224779
119457
221377
199281
169546
192346
194220
248985
33717
35219
31619
56312
34943
26447
22913
20438
22755
35739
21374
26926
32552
24780
25007
20661
25455
20393
115814
30624
39090
54321
62569
35322
70053
52465
31985
38074
49063
74873
47944
54231
46054
69951
73533
62100
84124
44684
42327
35710
23552
17767
20898
27427
29688
47481
32267
10781
12408
21476
25120
62536
27786
36058
35163
29821
36664
36388
27207
30718
25309
33568
24582
20892
19011
51256
74907
69033
26671
45655
50697
44032
34568
59084
42300
57282
25622
21561
27365
24777
19503
25885
13407
29656
25748
36216
38346
34864
15172
26646
27091
25067
17385
21371
19450
24467
21398
33581
35631
66212
56289
42728
48430
47995
22641
49161
38684
46547
18806
13929
16082
59794
40854
43134
21337
31207
21939
16357
34787
11886
10265
16698
14595
11550
25416
10828
14643
8808
12145
9378
15728
11297
14357
10037
7206
6810
68304
49122
74252
54986
79470
99950
77598
44457
69798
63251
84655
61354
50751
70574
68451
74434
66123
56314
77509
61802
84669
97589
106452
56359
54332
49976
52389
57609
54854
31136
13975
16003
54393
25083
68247
38544
98027
95720
68272
50634
66525
58231
62097
76327
52824
48033
52357
43206
29418
37127
65377
73483
37836
60337
54349
52964
35751
27639
13467
27910
13958
123766
112312
77174
60283
48159
79960
40517
119852
50841
76655
70105
92582
88591
42600
111533
83963
64111
66663
107227
104804
118675
73227
85280
65320
117746
72750
63174
58303
71778
66645
62834
58268
29375
32147
135675
32037
16772
11606
36174
44163
18932
23209
47417
25691
15746
39777
12500
13278
10805
17894
32105
27517
11851
22546
42683
44348
23981
22340
34338
51399
14803
27263
18071
10812
9862
14667
14408
13035
17548
10072
12624
19686
18528
24308
21198
24588
21519
16150
31693
16329
21209
32798
30883
80523
59051
32134
48919
54475
77015
67327
50962
44969
38242
62982
85214
89436
74751
86322
22941
98204
46706
59008
43411
74930
83860
58698
72947
50818
29497
47702
27847
31936
65835
12233
64704
18064
31622
31798
61748
42883
57886
38914
71049
75247
49760
42802
36019
38726
22588
45682
24716
25552
70673
46534
24272
38279
96436
46548
66640
40003
79388
49531
54575
35324
49449
16998
29053
39211
18992
31658
10224
40088
15171
20380
37002
45913
29007
43293
75085
48259
22619
38621
9264
16798
78733
72393
46384
51497
41183
77706
52534
61175
55433
59780
44209
64749
58311
69230
72869
77373
46432
51432
82907
51218
15211
56665
11429
9579
22674
17511
21371
24835
22805
18735
21955
15961
34008
22477
29571
43698
36025
44033
42716
39998
56978
71169
58362
63199
54266
63656
51773
61619
72294
87321
95458
53015
39230
51030
63005
64751
32352
44435
60632
54682
40220
42388
29620
27592
43458
40681
20212
23336
42822
103274
63456
51575
74320
69464
34002
40446
43464
55711
37326
48291
47024
59441
66173
30188
30429
37809
102854
26155
24188
40526
48345
60094
32283
92397
31524
84501
82316
91143
95485
92140
107245
76518
32885
63385
78810
72164
86261
67552
76536
93312
76516
91588
69759
25233
26772
31461
121405
40161
63927
68179
47222
38618
74053
27901
65526
115888
57439
16746
83785
61199
33111
21162
24730
42231
40984
39272
29711
98784
18273
16289
19049
11212
17588
16283
74801
133331
125592
36790
34151
42791
54195
16501
69053
77163
112713
122354
14647
139258
132897
137578
54403
22863
66038
16106
9221
17322
13091
16202
23366
15982
10387
8648
7580
5952
8658
15062
10642
13247
15009
59846
66108
62564
42803
16795
57480
46887
31137
16984
16625
28007
28523
32203
24097
43339
31408
26795
43920
13935
35800
12310
16562
20951
6761
8833
17244
43165
44532
10732
37394
11146
25201
11304
14234
39695
42452
32854
56719
42173
40658
15391
16750
30017
25003
38834
37140
48783
14777
29696
53411
25629
33352
55914
47535
44255
41089
41490
24849
31121
30859
42965
30166
144188
66697
43696
51191
31351
46740
93661
37226
41116
32241
31090
87466
93561
106053
103768
71924
76704
109052
80958
86737
93009
66322
68961
49433
55539
83180
92185
48383
58428
54748
87059
73691
90263
18331
24193
54664
22794
27546
31394
23684
23540
16483
19907
17680
13339
26393
16287
6075
12741
10632
6893
7460
13846
10840
4583
7390
28122
26670
60646
25340
41209
48880
63398
28494
73804
80292
71837
33917
38888
10043
32835
32762
36508
17964
39069
31247
11692
15847
10402
7819
20628
10924
14125
19696
8114
15872
21518
23542
14374
24813
17298
34811
33221
44876
60377
26653
38472
58338
57021
26895
37215
30463
33639
35693
34705
30639
18363
14556
28692
18971
30434
12711
17301
26981
16371
15248
14955
14954
11236
10985
12674
19190
97822
43578
79223
19235
87463
50122
54095
88706
32567
37348
48702
41580
80718
50383
67493
59940
47600
56036
30299
16941
29380
44848
55620
41033
34694
36810
10690
31713
30377
17317
11183
22675
20360
14175
16035
10447
35253
31360
17367
8964
8439
10865
9995
11767
5697
62834
68846
22186
53206
66814
35331
61424
21578
43670
41891
20950
40550
54785
108471
48971
105169
102638
30279
12720
59251
34629
13421
33106
9125
37034
38658
25779
47844
10665
13587
9059
12370
10270
8424
22924
15594
19685
9010
14645
7983
13409
7803
6640
56654
63084
82727
69274
83300
99328
48696
39241
52633
31676
61731
93257
70626
34941
51505
56533
49983
86186
42968
62071
82308
41421
81557
49927
97251
48062
20458
80397
38586
12462
47040
20364
27796
30389
32170
12755
14764
25232
14395
25975
18403
21498
11146
35580
25389
17240
44279
40439
45414
22405
29320
17063
15215
13611
17213
14782
69499
63600
88579
70729
51286
73826
40179
17957
62448
80686
22399
24006
26762
31206
28334
26622
26470
25611
35798
31238
29197
102372
63539
66971
53511
73495
34853
21139
21774
38297
49180
32759
12230
60080
26679
15031
29550
14112
12650
11841
39457
17202
13821
11617
15450
10560
15933
12747
11095
7790
10147
10070
9516
12983
8611
12162
15889
55063
61160
69592
24358
42785
60874
36555
34205
71898
66068
54457
32589
30184
71208
63335
45382
57626
43806
78169
62366
40835
59441
49083
21542
20319
23997
27678
21992
26114
27117
26321
17846
15109
19245
13995
17539
19631
24259
12828
11306
19808
46516
16014
40829
28903
43218
43802
36244
74636
38780
32980
46882
35332
31623
50222
43247
46643
50846
62948
19591
19594
10624
24690
10697
8631
7356
8347
7705
8967
7447
8564
7920
12290
12361
9519
45523
51625
33552
16479
48505
40419
24650
78271
43609
63860
31737
82228
39155
42345
52662
16966
31593
43063
60755
32598
66773
58893
70827
77565
37192
24656
31836
25078
18913
22827
25306
31550
54355
58187
66872
47791
41081
72376
92916
24101
44890
70978
28018
15383
32402
66512
22162
34667
33597
42525
47633
10498
50284
26383
75340
46210
42165
55071
71132
83262
31357
75229
24696
55541
28184
18046
26141
19489
24636
28686
16737
22493
15047
15044
10485
14059
9180
21692
7520
15621
6854
7173
6189
22329
27861
58016
42796
72078
48058
65068
34784
46453
55144
24554
66724
28387
22677
51257
38137
37034
60396
64419
51440
53385
71752
18042
17944
19263
20346
25211
34902
75678
27421
23504
25763
6508
14228
120595
91268
99163
96087
127225
30487
95228
117742
26165
50619
56020
49253
37397
31930
64925
49001
45176
40170
25272
46694
31306
14597
23887
17482
32154
25215
16051
95699
105259
110946
166265
155707
158354
82488
114467
104865
152613
84421
138477
95257
132332
29833
46521
66643
97540
69172
65723
75809
79503
63839
61857
33907
78287
42247
81756
155909
124041
50838
46945
74811
60126
72950
87316
56712
44678
84617
53587
59883
93560
37370
36121
19984
22742
49799
16181
12245
10500
19237
11419
29689
31955
16080
19194
12418
79017
30146
35976
27139
34201
65939
50678
52024
69288
47131
39536
56814
41765
45611
43960
97600
28152
50223
61334
76426
70519
26399
55917
75104
61245
65313
67332
35440
8747
86759
34942
15793
10284
14577
15615
17632
22600
19408
49254
74521
47430
38555
58245
20526
47623
42711
51825
57296
52212
75495
75597
36268
64452
38503
41834
61663
50011
59301
15169
16256
29016
13385
25812
19679
15414
21002
33345
8426
7348
32348
51289
8894
30293
21778
33638
21539
39767
10320
19983
42228
8313
18526
10056
12035
18445
25660
8967
18770
8747
14104
14976
11069
15207
10328
9144
29025
7461
15820
18179
10337
13787
7775
14772
12457
9413
8353
16476
11078
13576
11231
22701
29313
32361
44476
54904
44383
52593
12507
42600
20822
51161
36860
55425
56281
33314
27051
63387
34720
33967
24111
53429
50605
32486
36292
30460
21440
20808
19267
24092
33081
39222
24392
22938
29978
43487
21505
58188
29759
64125
48248
26024
51252
24558
29170
21175
43353
52592
41952
22067
40556
12090
11909
26651
22444
11938
26527
16688
10805
10220
23663
9472
10457
6754
56331
54922
65720
42311
50348
54451
52766
48881
48344
50809
87597
48085
46428
36219
65740
86712
103814
74551
34719
47662
81427
77776
26383
30017
41227
51392
38715
85065
45288
30095
36182
75273
48364
109930
17847
15564
48408
24485
26075
23012
19849
9447
10253
7619
53167
51212
55585
37663
43515
56425
46057
68150
23616
37948
18011
21258
50374
63461
36353
35704
56613
73577
29716
49773
55333
47669
44936
39499
38171
76008
79625
17567
40714
12300
17164
15300
18349
27669
27356
45275
34826
12604
31221
20921
24213
26867
25279
70512
71163
79889
76932
64791
45746
69301
90331
54814
71859
73777
40035
40393
60501
82470
56053
66936
67942
65036
75529
71853
24974
24320
60795
20401
14748
40303
16312
13282
16610
38240
47858
50696
31303
43912
76924
54847
93157
28398
125177
41295
31463
100726
103421
89691
18358
28541
122670
100740
20944
25578
26137
125083
25055
47988
56343
45359
77775
79745
165742
19839
17559
24066
26392
28015
18693
15326
18695
18673
29839
11970
33718
51108
55019
26639
88680
74536
64956
39001
33989
67245
71300
111509
23291
35087
38018
74281
89823
53841
86220
95864
93611
100629
71915
27048
47019
63654
104009
61769
84674
59759
100794
28918
112049
77867
30119
32154
18244
35330
22274
15521
15343
27850
11060
14674
19153
11939
40898
16001
32110
17862
18183
18194
32715
44802
40351
22766
49569
73101
47457
36079
60162
39436
37102
43868
28963
26273
15469
19004
29078
33895
37813
44037
38710
61417
26616
79406
14879
64461
47554
58012
34317
41818
36278
38358
37976
22640
29612
25404
29921
26217
16355
31766
36045
54274
112138
29173
182656
67000
34675
29258
93604
117583
97763
153257
133371
25736
145886
89317
21503
71736
62377
91916
176279
58944
17086
114226
95102
34896
30704
29471
21715
27104
56604
31441
21439
58011
77454
56152
67064
38528
71039
65005
76675
29801
87827
101633
51136
53844
43659
33561
39837
63358
67004
30258
53434
40013
42517
53370
47611
32431
32237
60637
16829
23164
72076
65963
45760
32189
27215
54752
41150
43206
67771
25032
22797
45508
27786
35847
17261
38225
34588
34977
25092
14777
68538
42389
29572
37935
68234
24723
51015
61482
43556
30137
45597
20191
21193
27307
60923
27976
25307
23512
23434
45801
39730
22012
82027
116048
43230
76628
76420
104548
36637
102666
52904
34621
66335
68761
106606
86899
38613
29203
48633
43520
54119
32204
28808
40871
33299
12280
7457
9208
8598
14476
8098
6223
19236
8143
8433
37907
42097
57986
51840
80808
27826
51328
73597
58572
22397
20595
29193
42777
48574
57386
41087
82652
64541
28637
53452
38442
69164
93088
90703
47625
59692
36866
45294
62728
42475
10998
43429
41923
24057
25447
49915
35474
70313
28259
18769
33908
15022
11495
54684
56915
66628
104989
65799
82216
40989
33398
55311
23117
31534
19690
35949
22415
16728
34829
64220
68256
33324
70488
52955
43939
48296
32320
15651
14682
12847
12936
15304
16766
19028
37752
20755
21518
23988
26282
25838
14785
74221
45798
43009
71642
41254
48317
46265
60063
16806
31356
24949
37646
34421
15382
12077
20631
23719
40187
21304
23240
26914
29721
27480
27498
25361
33874
35753
24693
24109
21386
25492
32289
30413
31981
30468
48810
87989
63162
61386
66219
78396
94602
52855
33731
18475
86948
49705
38036
54474
18269
23156
17220
23358
24625
37508
14542
20280
36225
51357
27467
21705
27965
10218
22214
20961
23157
28607
42450
43927
16644
34476
27058
31389
36955
42273
27292
27403
31928
33864
42652
20836
23613
28030
32648
19610
40425
17765
23024
32899
19989
34674
31606
45648
26904
36679
33571
66122
35544
30661
53415
51921
30510
29305
38403
58747
17695
39119
60723
17882
11541
31207
15517
38850
28807
16534
19513
26983
6604
17116
15741
19825
20701
30635
40283
38896
32136
35122
29375
26399
12938
12321
14663
17113
22365
7639
18792
6996
9018
21251
30716
17912
26599
31822
13611
19056
34916
8590
25320
27862
20179
32625
24479
23486
56748
33895
61017
46675
43149
36758
65742
40108
42193
49497
46200
52683
42789
46663
43844
15857
20362
12189
14568
18427
17487
11578
29472
27423
27075
17309
13046
19224
19328
15136
14943
20537
15984
18590
14143
12092
20010
10208
14405
32029
27828
48488
42507
59476
65552
36792
40881
34768
49403
25692
29663
29861
47677
41633
38708
14832
39293
34376
22636
19842
30722
13105
37506
32521
22781
43538
48736
37051
22211
43114
24872
29532
18302
30995
17671
33679
20611
38912
33355
26876
84331
75476
46672
120907
46650
90589
68211
29053
113454
81170
63321
67368
55071
100758
37291
29963
26084
27734
36917
21381
26559
24584
20924
18726
53927
16409
21197
84317
22621
105490
84461
82676
105151
87304
121216
100246
99899
109893
118214
135226
94659
75472
116614
66176
56112
26323
36599
51041
20237
56988
51712
53953
65317
60408
48718
57025
79760
84342
116679
50579
35222
45216
37453
115045
35398
129978
96893
48191
36464
15729
11582
36194
25685
28559
24591
17606
35488
8698
17235
13367
25435
12400
19612
8544
23437
41670
74084
82062
84887
47370
37672
49780
56772
59307
79942
69439
27239
25450
73261
46152
40450
58055
83611
56377
44624
31657
77980
50437
37439
35031
77804
42610
21934
45248
35876
43996
30642
27287
42275
10327
23770
36248
64351
41909
29548
27884
23673
47286
49671
55631
38014
54594
42758
45301
62800
13751
25563
70227
14693
38508
78992
47768
75320
78497
116772
18937
119392
65419
53896
71594
87668
47540
119982
129121
110390
108289
114861
18797
41648
16948
34785
28862
32878
17170
44326
43781
12424
52238
8464
14181
24517
10329
35072
21334
55202
61962
57692
64131
51615
69153
51133
36267
29436
32016
48849
41073
55313
25070
51481
47939
69719
23985
31870
34267
64554
82735
39900
45938
28894
54910
61669
12275
11197
7319
8303
9440
13320
7004
10755
8773
11479
10955
9137
16889
14222
8471
34313
40365
53104
39352
15165
21167
26637
63476
60041
58345
60718
24676
32801
41223
21353
32084
27987
31519
40074
10241
7210
13208
19659
12348
11840
10511
17515
23276
14044
22308
18853
11540
14929
9518
34881
25766
7949
12966
4956
8022
7445
12442
32439
15056
35962
27639
30096
32102
16037
19484
21224
16219
16319
10129
6628
4940
17962
23992
22851
14849
17392
16837
13381
22254
19687
10967
14854
14841
21805
21623
24799
68053
71370
27975
21896
28262
34803
21129
21939
76727
18262
10607
9901
13933
20799
21619
30098
30239
13088
9313
14635
27880
15310
12912
17892
21050
9754
64904
157926
61751
149516
132227
58589
48693
178754
21737
57379
163537
69260
53317
45581
171632
39799
73785
64018
35781
48166
59976
72818
50826
39090
83925
58442
182897
86673
44752
150492
131535
148831
103461
179719
47860
68094
110348
93419
125939
188457
38899
40925
124432
114732
16221
9456
9748
12920
13114
8511
16329
11649
9711
11317
11694
6192
42120
37276
26597
28855
49984
23516
34590
36204
56975
55237
20981
33351
26920
49908
41573
53878
23920
44133
31530
25299
34894
14487
32008
35108
33947
14507
19076
21263
11567
18460
34058
10561
16737
9836
8012
8937
9676
12937
66107
69719
66269
61289
42667
56413
35153
72942
39214
33721
59902
65008
43467
38077
68336
75700
72016
42614
64861
29792
30190
37066
36650
32046
44533
33355
31407
26965
50344
21973
25730
32254
42650
59272
54536
47755
41131
26357
30686
31089
36436
29399
43974
79942
116700
71272
81256
51886
79251
65952
61865
61776
41759
119230
91023
70818
62982
54836
51995
54071
17187
60866
23176
16227
17185
20493
37441
50994
20840
16305
30472
24857
28973
23016
43343
27137
28677
61394
33945
35957
49404
33461
31479
23670
26509
21005
43590
31976
54922
25113
34709
46504
51234
74483
71898
76710
30733
20448
26550
20416
38212
32479
41347
43879
37318
29590
43736
41906
40184
34960
26499
38535
28871
47507
70191
80829
34628
72013
48081
52122
33823
62960
55041
37507
35739
24730
30783
33060
35754
25537
40033
33953
21463
32123
103300
101066
32707
78165
140536
25283
91117
34761
28077
39462
49458
95639
66342
58614
64777
40600
82978
33771
55843
30613
93152
61211
42795
67407
51345
53900
57033
41956
31078
30190
22740
110527
20916
24073
37241
45401
36266
18147
47880
38164
22749
28273
45370
15275
46470
52086
65225
70270
40613
30737
39305
24750
27586
48598
51218
72771
48726
17022
16387
12759
69185
46753
48761
89114
55186
72696
63403
57700
64281
49118
46745
32498
51225
26458
39680
26559
32434
40051
44919
50620
42311
86466
118723
36816
81334
55249
72261
76673
28018
61158
48644
100364
28185
52835
70831
47382
37284
67022
62033
41048
19833
15869
15856
45616
17945
45020
25300
18199
28504
30748
22457
13865
23171
28019
19809
14479
22766
16097
31739
35196
43804
28407
30833
38737
32982
13095
46968
34882
41228
16710
38191
47472
61720
21638
24258
11281
11056
10430
11930
8317
22547
27552
12681
9143
27668
10483
9139
12877
12764
16768
33487
56909
72755
28410
46696
41018
45407
61753
21583
37741
49778
17785
19596
84669
89824
30430
73523
39831
69925
15843
45036
41210
35490
46106
56889
31666
48386
64228
85030
73672
40815
22212
22984
16049
21079
34910
24343
23840
24558
12694
47102
45413
61266
65708
41057
61070
49293
21733
50946
90585
41266
62686
92904
73897
43689
49301
57332
43672
30430
27815
43218
45704
66223
17717
30174
31822
18224
34678
19888
23268
30200
16479
17505
20417
52538
17924
11490
10867
14717
23799
58504
23985
46012
28195
53724
67593
48993
31724
33045
41239
49251
21503
40372
28596
38835
28541
25172
12624
25927
11005
63184
36592
60750
17913
11397
20156
11116
18564
21502
40407
15309
25467
28392
43034
31084
14933
18761
17370
9058
62658
74915
42918
24267
50083
52619
27835
40635
31019
60399
57183
64610
40454
74946
75502
40967
31002
26745
35038
89480
28679
68823
53637
60178
61622
76815
26852
17988
28208
51923
60104
50546
38776
83698
26966
19323
27733
30662
9283
14459
16767
90296
70376
86622
75466
64569
54552
56993
61410
61787
31654
49971
62060
78729
86042
83790
36486
82032
41504
40881
78357
45380
59580
55264
47961
77822
32068
55038
35587
80951
68878
25635
66971
28391
35830
63551
31359
45477
58158
39073
15411
104616
22319
12332
20679
12379
27119
31253
12097
16298
9036
20398
34422
15688
19627
21932
51498
30811
67742
35833
61330
33812
66886
43135
38754
46395
21576
64295
65968
27239
79488
23604
72018
44127
50469
92947
60374
79358
82998
65669
49105
51102
15894
26811
38660
13310
12521
81963
86254
63579
69053
31930
22372
54446
35134
20449
69374
67185
62565
45269
47995
30670
67167
27601
61224
91669
28148
9529
15717
15741
14295
105916
53390
108870
66980
111266
91936
99201
71481
80401
59466
78357
106205
72306
48450
41783
18691
20417
34932
26995
47381
22709
35931
25176
52118
34604
32797
35459
39707
38926
55047
64906
60474
38433
39511
28890
34032
27931
31525
46064
28226
62039
40925
49214
27255
65313
18357
22596
24824
32659
31486
16380
43552
22324
14765
43076
26674
22225
15471
20421
40439
29025
16521
20992
68865
64415
76731
76538
72144
20360
38664
35313
67581
46034
31379
33540
71933
23672
59709
18449
49960
26978
54450
65304
47264
21678
28536
52803
57116
36506
82779
58463
56225
53100
25651
77573
73019
25460
15276
17403
30264
35129
29375
20467
17818
19621
36573
28265
22467
16811
15929
19457
19301
14929
20734
16261
51126
56819
45463
24451
31666
64871
42128
56587
36481
75983
35483
45424
47743
21842
42955
93047
34353
72682
66923
33583
44244
30752
31639
23809
28025
31055
29208
24833
24333
25739
14781
15261
19297
28599
27523
26352
14290
9186
7219
48248
43648
103619
96608
31463
61023
81956
90247
44315
73987
89278
70182
34451
32697
74619
83999
56810
79807
53918
46703
48294
94528
90920
58459
50078
90834
114327
89394
93621
75296
85128
42337
47798
45983
51239
56978
58843
40814
73612
44543
18233
12564
14773
19515
11840
13503
78339
76229
27138
75398
24418
41304
20183
17865
14580
14471
17659
23010
20707
14730
25945
23605
11353
24652
17493
23860
22059
24956
19905
20167
15171
32864
27495
41625
31654
43835
42434
12237
34996
40957
12910
15351
23226
25625
24056
20828
18259
20412
34609
26951
33246
69766
18159
17202
63500
63401
14060
22224
18478
15724
15239
12752
25554
31039
24082
34376
32841
25191
28344
29560
35384
17999
35118
31070
12553
15458
18000
18305
32951
12260
6939
28451
26248
42886
30792
46497
37703
60767
39954
52143
30031
31729
13625
8340
12828
13525
46184
21079
15829
19707
12330
12549
16376
18624
59016
45573
32882
33048
30918
27779
29274
26375
72770
78202
69291
66995
54755
29489
26742
11109
27981
16531
12160
20329
32311
15336
13421
19701
14145
20167
17425
23043
42377
44826
37193
19359
33727
44793
31963
49037
61454
25254
43788
42236
19493
28312
38598
51218
26438
34271
33006
61630
63810
51264
24808
58465
54648
12597
9071
23073
43580
41657
31462
35330
41852
33281
16752
42871
27220
16476
13512
20126
27428
34338
36793
46734
41208
31304
26569
14761
23160
19401
23151
19180
27946
13674
10236
19896
11611
8419
20478
15592
135061
151090
135751
191271
192904
171003
147812
167483
137801
166174
134699
115457
98372
95419
124366
102255
104282
45512
102094
58174
79884
108333
76523
104251
85146
99556
91226
109343
77550
124696
115504
66496
137399
122881
119019
69347
36410
54562
34436
50851
48808
45902
51742
55545
156642
48119
59304
101465
97965
57174
79342
194841
68920
163340
89645
90980
72119
142828
63054
57084
46757
67489
42852
76346
86369
89341
179479
171631
175798
63995
48873
183572
179323
188328
59936
100777
57100
84807
83212
105008
205572
75084
55577
191523
160722
32851
8678
46446
47576
15501
19653
27819
9297
17201
25677
37106
37423
15345
50184
64093
58663
63939
71425
55631
47266
41035
50430
17311
24680
47894
54465
64602
126798
146670
184977
123715
74025
75445
51505
48450
64420
69510
94795
84955
92877
44180
110957
62702
69299
83507
54784
79377
81828
39514
59793
88184
99209
44393
171282
191387
144994
155675
33738
159655
144250
190628
137368
60598
165501
109021
78043
34532
32717
106739
38853
72592
40843
57521
43237
52575
129576
67693
47016
18881
20250
15624
22587
14698
18494
10246
26102
64774
46885
30899
99320
45410
64380
72490
57009
51407
59710
47578
77222
81363
90145
100583
94019
101753
106851
64034
70709
77280
57257
62671
137580
69451
47416
80821
86908
124064
93152
44497
46669
90774
86482
41772
19292
16572
62725
37054
39297
33478
39571
45905
36724
57976
18054
11393
10876
8428
7987
54117
36872
58945
93554
82972
77112
57426
29299
52354
88446
26433
35223
37938
43352
49653
34359
42884
26010
29132
32530
19520
19370
13955
10874
14476
8478
11250
13746
13426
23248
9673
16879
14574
14129
12437
15862
61573
48584
72942
41417
39982
43624
57792
45904
74565
54185
68345
19672
65420
19059
70378
67629
42114
54059
39975
70877
63733
59198
79077
53037
19355
26457
20175
22771
15852
36292
26064
33773
31844
42611
30733
34802
15985
26411
19183
65490
25254
31656
37789
24038
27756
22025
39134
13828
30502
50672
49489
21386
71465
59483
19845
17905
36308
43448
56750
64331
21565
16592
15621
21936
20327
12780
6691
26350
19037
21087
9021
13170
19620
18718
57055
61607
70168
66396
63395
23410
31168
44170
55296
66021
16605
74482
89265
116914
96789
118065
87887
69514
68097
94125
66591
91495
74794
103756
82723
103058
86320
109297
101121
24602
12723
22516
85272
30751
46147
39687
63172
27322
30756
111938
33005
106499
50885
114300
119008
97147
14723
97189
61274
18775
16875
24450
59049
24094
61200
70438
53771
44266
129772
125064
105757
25962
69421
29899
31932
40999
33564
33818
63391
13532
42661
10982
10724
7729
13489
22840
24616
31257
15029
35495
29063
11082
16126
17067
26972
29658
14144
15394
26305
11016
6894
5925
26359
26752
48290
31323
56919
9676
16274
54595
45954
31407
35870
29305
34161
7200
17064
44516
10360
29426
27131
14935
21893
20997
14306
22645
10058
18486
12908
21538
13430
8378
10933
11371
7919
6606
9300
7812
6823
10085
15626
14682
14481
11098
18188
23032
63874
58929
40683
33484
39004
30843
45083
68192
63623
36164
29380
53877
49767
55900
52181
40173
60888
58450
68200
54191
14502
18916
33570
27474
20632
13439
43227
24292
51020
17545
12444
6009
9826
16833
55166
38282
32010
24636
43524
62256
29320
17240
20002
55466
48269
22557
42015
44715
68099
33615
38416
40931
26265
72762
89671
10260
23377
20364
15019
19718
7762
12848
24834
18806
25316
13632
15079
10189
12886
31020
25836
64800
65729
33536
35227
25133
38090
21646
41963
64168
62470
34588
47601
59927
57012
36289
31778
47894
32963
14690
18783
13710
22183
15722
19921
23408
8732
10394
78224
25540
19723
37001
18010
8993
10044
7182
62709
71193
27216
29218
31382
60726
31221
35163
44143
41597
44127
39877
68280
83454
106444
56331
65966
79215
38569
67249
76581
58160
64444
63762
36768
25481
29377
7133
7287
69908
69806
104964
21604
47537
41093
73373
71618
33869
97738
38870
128014
75966
52418
74086
82687
41894
108791
44854
58408
31068
57154
65503
49830
52594
68082
74431
23034
39306
87655
65648
49933
96059
84144
35612
74100
20017
27960
27965
28900
35567
43466
23491
27625
11787
21402
28596
10876
13459
9740
8754
16523
7580
6844
94920
86797
48925
23521
16237
48911
43100
20755
39303
26434
39527
50400
23547
19871
86815
73252
47539
50729
30181
83794
79351
12927
17164
26307
15543
20458
29662
22911
17849
29161
24285
30753
23709
29652
9988
26372
60964
80959
36205
66245
75667
58340
65044
85088
29606
26137
40235
18849
63896
44711
73043
63122
88475
18825
59226
30536
84525
36634
63334
43970
43256
41148
21545
15409
50799
57955
54188
60360
18371
65981
12910
19219
14360
12717
25917
14890
9336
17480
19014
14527
7809
55483
61404
35943
48322
55691
76585
66360
46696
65691
75508
23102
30369
56004
65802
53944
50360
64347
42854
48924
60925
30844
13367
24831
21771
18998
53978
12624
15402
13149
42419
20625
11641
30101
28374
11937
35082
21643
54615
47098
49916
41803
45708
41829
64796
60370
38152
67048
33620
41142
69377
92918
98994
55503
57053
49855
98010
34195
75859
79003
71462
72902
43982
32945
25562
34549
24502
25534
41254
59347
39420
37607
35714
19266
23640
24756
14318
25631
41613
18854
19999
27228
23105
17585
28332
43809
25950
61387
9657
19310
27881
22074
39922
44641
38883
53659
34845
33050
71693
31038
39182
19213
40170
42664
6312
19903
34935
33822
29216
26430
39095
36883
33890
47442
25749
7382
30187
27407
28365
6159
8806
17995
13848
8166
10933
12081
10486
10013
8749
14767
20420
22838
17195
20041
16859
22549
14180
13177
14506
8701
13521
12570
7823
6904
11415
23301
39364
41495
28655
33341
37788
26306
26042
10886
8717
8042
34391
7383
9511
7633
10061
9656
14949
19333
21619
23646
13335
15435
20856
28979
14464
17130
9442
5810
7817
19808
150291
88343
31382
60405
31201
27281
67781
16792
36692
44899
24291
33578
27342
67143
102970
39751
35617
47124
35901
24382
29019
28775
24475
9544
24821
13553
15692
31820
27601
18339
20499
24666
11383
65787
70391
61868
70884
43641
47272
63672
98750
34955
92940
109632
41570
88532
66122
63955
39060
41358
49733
56992
19914
63233
87548
55124
37356
38095
95749
56962
98306
72269
47313
72879
34017
23235
25846
29923
22656
20507
35377
17944
19734
17334
18495
26214
40421
36715
15008
7301
19304
37896
32429
28401
58291
61253
39881
60286
59377
27175
17130
35737
39197
56173
49879
58457
52333
24353
20286
22833
46904
32459
49130
31258
9166
13048
8535
15929
8137
9329
7637
10248
13747
12135
9793
15453
8832
16726
11503
15694
13160
38916
51958
35916
47967
38022
44669
23607
51327
58783
27385
41147
26896
49969
66184
25802
58024
28562
27035
20931
87292
20385
25483
27590
10367
21952
29172
24648
29047
18139
15690
19793
35499
15249
12564
17094
18048
10356
9474
15409
10781
14405
16023
41304
51428
49226
15447
64248
19262
17519
34274
48340
26576
32648
22313
24769
27822
30679
14560
17296
24476
16953
11900
27846
7635
4257
9265
14075
7080
9716
7199
9541
7828
15274
7407
81966
71252
43609
55111
30391
84788
58091
66520
65545
51713
40889
73508
53427
74455
60918
47509
49600
50844
77915
57878
55336
69497
96390
67672
44444
14531
18362
7458
19285
18101
19097
12370
14556
70916
27225
28583
72746
39580
82758
78140
22530
11880
76170
50875
30117
38207
31164
24634
40174
23002
14383
24943
34654
13619
12845
19823
9243
24478
18759
20201
44667
27529
25616
49986
24280
20118
38322
22777
19127
13153
14473
40711
56368
37208
31292
55526
22021
48581
25068
21608
41380
35940
28065
35129
23494
48152
27493
29375
11122
32058
9454
14698
15103
17993
4864
39904
29954
33977
40494
35160
5959
8163
54322
31631
30771
30236
43951
24327
18416
33576
28898
26827
39536
24049
34312
38410
22128
43832
23964
15752
19853
18280
17276
14529
13323
16801
11731
18949
14829
13518
16081
9510
11392
8106
24525
21060
12812
23249
15013
12262
15374
12350
9918
23476
13428
7549
25339
14943
19086
21211
17009
16069
17157
11562
10845
14931
11468
13933
6142
12221
6831
8485
15915
10372
5451
8422
9234
5497
9837
6382
10412
8256
8009
5553
6634
8607
53241
53796
48307
38069
77132
70861
64068
50002
66468
71374
45571
79298
27680
61516
53148
43805
34304
47987
41791
59574
65156
71206
58437
42538
40820
43604
29694
37229
12328
16898
23074
13575
51540
14932
53435
28284
20866
15796
12458
7904
9283
7259
24832
15476
13112
9514
17488
30250
18638
26611
12062
46215
19335
39301
15669
6642
24733
37639
15069
8429
6186
19052
10776
13918
26316
20080
30128
10624
12266
21547
23595
19988
15820
25852
17798
9109
10899
13444
6597
12238
19829
9934
8623
4785
7051
13867
39727
21349
43483
35528
19093
25516
23287
40591
62199
32131
52915
38287
50699
65673
36295
29296
31469
19839
30334
25793
18234
13837
16101
20068
28383
27924
25411
27757
25016
22383
23196
16126
14777
35515
28740
34533
25876
21065
37228
21450
14910
8941
52581
19962
41036
16453
30854
45936
26188
20049
36666
16926
31000
59133
57194
15758
9998
17233
9193
17540
11527
20205
16350
29836
28595
26760
32652
32013
12472
13068
12560
36600
20715
9771
8632
8852
55540
45980
27266
29386
34506
41842
33031
48399
35282
28700
26306
24525
25203
28604
12051
23798
17233
22255
8499
17045
19520
14583
17359
10646
8803
12767
12568
15495
18424
66580
62297
86296
70475
83454
47091
51624
85757
45692
67566
58401
62933
65040
42608
26525
25463
35124
33346
48288
19486
69944
60138
30842
46412
28078
49025
66831
64767
25316
13978
20179
19866
26618
24819
28774
37667
66086
47813
28445
9880
10861
19660
34394
17696
39643
9263
14378
10815
40676
22497
24532
26739
30773
40588
29485
34555
60555
50595
53402
56407
79116
62857
30855
34506
23679
43828
68682
48376
48663
27436
32458
32954
18742
16309
19132
15812
14127
12100
23126
25672
17196
8072
16711
19225
15457
23216
28913
23449
27557
13222
21297
39424
11690
35774
15820
50598
28410
17168
37327
43950
47906
19558
22173
18609
19040
17596
21651
11700
19628
12541
19239
18974
16048
26043
16037
36951
15535
12819
17267
18855
14925
20153
14090
13886
21919
24608
24900
21024
18920
12679
15359
25420
22723
47786
21224
35204
32615
31671
28637
21242
15976
17326
81312
98759
38231
42141
53045
97624
73217
63354
82389
70813
79884
77469
86046
22334
24453
82610
41980
40817
27602
19997
21847
33409
25137
31013
24220
18376
34784
28183
19230
38791
37716
25270
14726
54714
16683
42387
19208
16301
37363
33757
33540
40580
7662
29031
32311
17816
30802
22259
40066
12997
12228
10005
14249
13069
15510
18452
13726
8331
12581
15744
27883
26981
23977
8673
11610
10578
39241
24452
26816
35943
34142
38447
30884
51400
66423
49809
34440
48677
21579
44763
49671
28665
87598
63753
84395
92178
24313
70520
62411
13832
35752
26260
13625
20468
39287
18771
38272
19286
13911
19648
21247
16332
16543
15020
30374
88418
38568
24668
28729
46550
27030
21439
43545
62278
70458
72619
73788
54828
67175
87259
54138
43487
54030
35296
38615
26817
40619
53377
49181
62595
13636
9358
26937
9736
12757
16421
6978
81028
67010
61894
78085
98972
21761
81286
55638
56347
50835
25834
30046
34230
52029
68169
70368
80567
67213
58394
73118
46316
51324
65146
75506
34193
49767
55958
28827
39922
82859
92060
39892
25945
42500
42992
54472
29170
43492
31684
34187
40758
64401
51477
76770
39119
70322
85041
25953
63278
79514
68812
59236
47925
46928
40991
26528
36559
71178
79099
35110
77753
11752
21451
25214
31945
56469
23993
25144
40223
20599
70639
52669
15132
13336
17337
16494
10637
17249
14590
16018
21613
14914
18007
32765
15353
18689
51765
62686
70847
38993
44315
65856
64170
59350
40609
46844
53251
61273
51381
58480
43909
56261
76034
50382
39465
14839
36077
29232
28066
20198
10544
20701
18511
37291
27401
22191
30655
44965
22851
24889
23548
45241
28036
68132
49996
20324
76131
52845
24989
29074
39168
23255
27300
65252
25918
33323
26061
25565
16800
8426
7006
13929
11922
21226
16607
9337
19393
7128
6612
7147
7236
6975
22280
20733
22731
11630
9803
9393
29018
20920
33025
27465
26471
32015
67292
24646
23740
22126
19377
25376
43611
14447
26227
20579
31379
38954
41121
28924
44067
41073
51535
33542
50353
49910
23106
22264
36355
31610
62233
70758
17696
41364
25015
41340
51125
46408
75233
38524
37510
24897
21778
19942
31673
19513
14196
70446
25040
31194
26199
80880
96779
69098
105870
83883
67593
42809
76048
41486
66046
64092
74221
62353
78479
90574
25413
87818
50652
38044
96173
21733
21437
17613
7389
7725
17348
10655
41691
10897
13796
16441
22931
8256
8504
6172
44960
36624
42870
45117
34962
59199
13686
51639
38422
28742
32531
25420
35772
24107
28266
24936
21960
26135
23020
16861
21209
10464
11358
11432
8465
8546
13083
14655
59184
48443
16802
41265
59615
19828
35971
38566
56615
46798
50777
44459
17099
23545
59395
51451
69588
17623
30545
38695
31502
47629
12612
12255
14791
10702
15357
16134
14094
14888
17989
12495
19651
10754
17146
14336
13981
15937
11073
26335
9616
69247
29806
35454
35014
27647
29271
50440
31977
62078
26176
50087
41432
34143
53478
46757
71684
58049
40112
76851
17032
11902
16645
28399
11317
43145
15217
18677
8747
12233
8841
11336
17738
22392
13333
12274
18752
15183
9476
13564
8357
5601
9751
13959
8243
62152
36424
38596
48765
42749
67417
27988
41619
59541
69894
61489
50098
36996
57707
49981
29110
36707
40479
85211
83498
31309
31260
37905
31949
17852
11758
23309
20193
25182
18105
9348
15665
17766
11891
13807
15518
11362
7532
12099
14628
12402
9156
28251
32946
36834
18711
17293
21176
44863
14430
25151
14911
29177
31443
40541
46716
18834
44209
12350
20623
13364
13212
17695
21300
15565
12348
18390
19818
10822
13882
35105
10824
6961
12821
14585
13601
9648
15309
15334
12984
58207
56500
39879
42787
13384
15700
11775
47527
49633
79624
13052
14104
81455
91931
31859
35566
43341
46423
66740
120339
114934
94477
78856
64272
77418
80693
116749
28219
22263
11580
37141
41167
15744
13426
9865
51541
77777
51481
32256
42996
67830
59824
60889
40743
102859
43011
67330
90876
81424
70588
59830
34120
94640
54490
80479
176423
79272
63899
90587
58090
46628
103051
107176
54698
73822
48595
17236
60841
27361
13301
17820
11785
8160
25223
29180
19223
15077
13274
38135
29738
35618
10348
6712
54848
57169
28794
45191
32799
34937
39646
54547
51364
57742
41191
61585
20236
50821
61028
22137
33075
31401
28556
55415
46620
65497
67812
39912
28349
35856
12267
14404
14889
30869
21471
34784
31883
7460
18833
15275
12897
9503
11685
8503
14932
8026
11961
33729
42358
30169
35850
53518
57325
61962
27536
64206
65398
52162
34333
60027
28312
32692
24931
42995
45044
48681
52433
50689
16358
59571
27755
19779
24155
17861
17720
21737
15689
10661
13334
19363
13638
7834
12107
8770
14022
12419
10499
9248
25859
60127
51063
38051
46841
59000
67129
13827
12843
56808
50767
52610
54708
67171
59205
70893
63227
65346
27686
26643
21703
50285
17607
14481
18408
25097
11646
16387
9131
7427
26578
13372
22946
10910
19187
13120
15395
12479
13440
12018
54875
35680
43603
52188
66279
49557
60151
64870
30139
35184
40547
70150
30883
79042
73664
85793
22893
33441
40076
28839
25081
24402
18875
157054
127831
149530
121584
134532
138380
154649
144994
146965
92514
38795
83987
74275
101823
42294
60149
50475
99600
128077
65216
33239
37814
100153
107869
29078
157274
165251
79336
101535
63157
98001
87921
43417
56084
86157
110462
77530
111750
34586
66052
76932
94713
100361
51220
104941
38742
40660
107195
83112
147498
138162
92203
156738
171320
73255
135953
153777
148193
75640
145551
178212
164034
84683
168140
46196
88672
57472
54607
37367
50869
66665
41719
185988
74812
67840
32117
160597
172995
27469
48825
30940
15279
43664
33779
100175
73619
49585
24463
54543
35449
46180
99992
27686
40365
42568
32393
26855
19158
65056
61290
48857
41469
17085
55161
57243
47591
88897
27816
101547
84575
81737
41872
37940
89148
73320
61282
69482
73215
79954
49224
35781
80410
90800
62535
27988
18136
17190
24485
32353
18620
46917
37782
60227
49553
27587
35861
36992
31647
46279
9820
9599
33562
7061
6633
10771
21564
13634
13866
30993
30157
78330
27929
38606
88762
50841
56771
30485
27036
80533
40664
45776
56091
5125
28105
14537
8541
10336
9982
20088
13486
24104
21936
17584
18455
14382
23445
18091
15187
17765
30244
12179
14997
27749
13442
17296
10743
14097
10821
37663
41739
42487
36887
43507
41032
34528
42301
25576
24395
39189
55755
18226
15269
17391
20407
10832
63942
19850
9668
23974
9980
9295
22362
15280
8952
24909
20931
15328
22530
48763
53631
42239
17104
59176
62286
24537
34811
33061
38717
67630
71218
43385
32304
42286
28855
41621
21518
10384
21185
26058
22128
21383
12951
17614
20833
13260
37657
27979
7297
7934
15343
18458
61169
64799
25039
46950
35341
57470
22162
82638
36797
70663
22358
37167
58262
48148
36800
41277
53774
32532
52207
70740
64522
72760
67056
49029
62586
57705
18025
32028
22129
25641
36700
21209
25173
29636
30574
20684
25283
28227
26998
19792
25176
21695
30181
17120
16799
15467
9375
19935
29429
18632
22393
27861
28295
33318
32753
61225
47566
35160
53878
54825
31622
29794
42618
52542
51187
29405
39503
59659
25493
48201
62234
18524
28632
24817
47190
17375
21896
21024
9547
18146
18709
16143
19754
17069
7800
13860
16783
10660
7908
14445
23864
26259
42299
15856
36245
13084
10521
21439
67476
53457
35645
77558
57744
18960
36957
40880
13465
44942
14313
33827
30388
35692
42290
60979
38581
38660
22813
25228
37069
42938
47516
34506
26666
33218
12946
20774
22235
31792
21105
35317
51020
43092
71418
65526
67279
93982
95735
107619
99906
82082
36498
50629
105497
40457
98901
32575
42700
74134
93222
30425
45008
25528
39828
67367
60878
40370
60911
59167
35761
54484
26337
23011
18582
23174
108601
121932
113144
85410
78182
64750
53546
62715
135636
69668
57241
71827
86296
88345
75891
98846
108464
114989
92525
78218
106416
95622
91349
127360
121335
46799
122864
112072
85018
102661
47735
123161
106157
43522
84632
112723
125852
65298
66588
58816
83718
52516
112189
47065
77478
50386
98242
131131
149950
149770
75382
28892
82863
25041
24839
35356
24151
19164
70422
36700
55130
22074
28331
30141
39477
48130
68211
25019
93443
31821
29183
53830
79929
46233
48263
56599
26242
60706
38766
75720
28041
24300
26805
31365
30543
25349
39656
23927
17532
11557
38139
32915
24294
32614
28964
27273
14968
27896
48111
31385
23158
19444
15311
12670
14730
38683
32813
17710
37188
24748
62462
60011
22414
48997
63829
32979
47182
28867
31646
22228
27540
59146
75635
21802
21389
10160
18291
28596
12668
10673
7885
15149
10570
15821
8789
8537
7936
12798
14757
28911
87059
45400
81440
42665
70297
47976
60608
40505
45523
58578
64607
68207
76926
76997
52148
61482
66674
64286
43445
50106
55313
81392
39163
69846
46748
46982
21115
48516
45158
39966
50432
38292
34615
28853
32047
10079
55589
27606
15447
13126
16912
16782
32002
23278
31904
36342
41263
59088
35483
21336
32389
31204
16879
19300
26103
7452
29084
20993
19085
6921
17957
18379
19960
8016
10966
13543
8124
10510
6685
60343
68012
52191
34252
101987
100456
106820
39026
49394
60482
42440
62767
78866
57768
76859
66873
18791
60083
37830
21374
11401
28492
9822
12718
11278
6592
198975
141576
147093
26346
195403
59165
69741
25792
39143
55963
77126
35933
33203
64406
53970
67948
65885
32117
39597
77785
45981
74436
83691
82306
120850
126100
65091
54500
76446
162091
192105
50958
156082
186035
199777
159293
38581
56949
64970
48875
93609
55704
99871
101617
36755
24394
102854
153010
22116
39878
20121
20394
18270
32404
20200
37875
20063
40511
22958
27651
54694
44659
48393
58141
77037
89695
54319
51139
53227
122505
105363
116845
136190
92759
99221
111510
75082
82364
76290
112718
121123
96311
53851
51901
69178
71091
77295
7217
11394
11260
13810
105046
102421
94405
99076
79000
100422
98221
119701
16959
32891
107801
34219
60234
63306
31148
38014
120128
110604
63291
39197
45851
39814
23429
18172
18144
12439
26693
15854
20161
12203
18735
28867
107917
45003
48632
59744
69467
33186
56093
97505
102346
47647
102363
36296
103543
54844
66592
120302
90441
103380
63106
75427
52982
65526
83619
68520
66342
135516
53693
11840
41507
8366
13855
17633
12525
16369
19716
12846
36431
32339
42855
30479
67184
83732
74749
36588
50794
13323
9574
12758
16651
26620
10330
6658
8934
12118
4653
25412
16488
157112
155024
128915
45543
34724
151340
147237
145265
141777
140138
56434
65674
44458
66871
50893
100400
63258
36058
110077
78752
116852
98041
117682
54328
57270
67393
78823
64412
66536
74970
126729
112105
50366
36938
19946
14450
21055
21916
22502
17293
36063
17021
20195
25597
25277
39861
46255
64304
95218
37191
59499
101261
131636
127043
72753
76699
126314
114025
26169
123043
72920
39037
47450
29355
43779
33946
37891
137792
55092
51417
69946
27905
67822
60295
92818
75248
39370
26902
90237
66734
17211
18541
7588
23073
17502
9344
21016
11724
12382
31030
11547
9112
8591
15424
6792
14620
27365
23532
25612
12265
9569
6398
6898
56161
26217
55055
22416
27868
34063
27222
55450
17196
21155
15562
11993
12415
18091
12772
15880
16829
17746
16368
17612
20323
9183
19499
13616
13491
8916
6013
5053
11792
8952
6628
5325
10185
8595
15962
15060
7775
11456
7730
8764
7317
6225
6452
7356
24684
12415
10399
17042
26799
14714
25113
9138
48844
23382
52072
43228
41542
8454
48542
36656
16093
16768
14505
11425
7569
8287
15077
12407
7157
7577
4474
7224
5297
4648
8824
5946
4625
3910
5852
4306
6715
5406
7476
26808
16646
52970
24231
53150
51700
16903
28608
24372
30670
32468
51010
22641
18941
13968
24998
18815
26465
21167
23850
17132
19579
20452
13759
15542
27637
15032
10366
12300
15861
9007
8680
17728
58235
66711
27834
56023
62817
74469
27498
33027
40160
54775
16952
33098
27066
37582
21745
50071
65669
44608
52839
47145
63932
42980
72764
56488
67058
61238
50736
19067
21140
9745
13842
30049
33255
10496
8670
10973
17150
22559
9810
12685
18408
45857
19631
41629
15002
14452
72182
57660
46585
23220
35508
46428
56335
43855
58687
80774
54826
87115
38690
41048
43209
74515
49495
62169
78307
85267
20523
70547
55214
73149
75414
31677
37865
32535
82247
12623
26712
34372
27816
85044
80375
101491
106373
51510
39836
34805
40677
29726
10028
53078
45010
42520
40799
37238
13220
13126
13486
7367
18433
10828
17482
16687
19563
12623
9315
11428
8004
16279
30828
21078
25278
28228
24283
20257
26918
22194
41359
17947
13528
25968
35744
24612
29293
12088
8496
15015
10477
8998
7495
9960
8049
10470
14204
11958
9468
15017
10537
6148
12922
10721
23213
18295
22418
14029
27627
19968
24819
26918
95388
63417
83171
69396
101421
118990
23056
33757
25805
21297
15382
21707
17631
110926
66442
115989
38421
57489
76264
97713
51502
25326
30760
20128
11593
25532
18394
17091
34616
10694
16376
24482
14696
23324
31672
37812
19758
23285
17130
30065
36287
20402
11676
21711
14541
37534
26003
36392
25936
17765
20660
14917
47667
13715
16066
18637
24704
25934
11547
12267
13239
19497
14960
11475
11119
16236
11200
14515
12065
19606
10121
7159
11733
13969
7929
8018
13090
38369
50168
48685
21743
26924
57807
20843
45308
47847
30990
67526
30302
46265
28853
9419
12368
14678
35671
11962
34686
12585
19157
39613
8487
18623
16843
60248
25045
14897
14194
19037
59449
66619
72655
71738
62695
37556
41981
71261
73297
73093
51605
43784
55653
54891
39688
44117
41669
21523
41666
35290
21402
33655
51352
37196
40425
16598
36955
26081
24787
24707
19982
46489
35269
23320
49929
29262
39494
57115
67657
26968
29053
71077
23325
38019
109476
85744
91481
113419
38467
118287
59104
99615
71212
77189
37555
115469
29142
44024
44437
34367
40425
45234
47478
43911
39551
42402
44826
45362
37921
57457
37414
33828
35354
33443
41215
44851
51423
21656
57696
20161
14655
16665
30971
19357
25991
51572
21648
43858
45949
30415
43425
12798
48066
40793
15065
21636
17681
16202
26343
17393
19528
14482
61520
17909
14207
26111
13671
32422
34397
14995
13666
17773
19268
30551
28887
25386
23616
29741
62693
33166
40219
23392
45719
28427
31277
49885
36967
17862
23421
18382
28265
21794
17306
58182
27322
57817
15857
12264
9848
17482
17910
15768
12907
19576
16735
13673
9589
12838
8195
7488
17276
10797
18866
10858
14579
16232
21698
7740
8694
6559
5509
20509
21662
43435
29545
25867
33955
46083
52764
34502
20024
29670
57638
48243
33136
54319
19131
19259
24370
14810
25336
13862
14363
12313
8850
32976
15969
12036
7578
8211
10547
11217
17550
7733
15149
7519
48985
34032
88362
80599
96057
77176
99104
49979
41119
47549
60418
36199
64131
72267
55065
46261
52283
33336
66094
36463
46324
60432
19652
15658
21120
56417
13685
16605
17226
24787
22608
19668
19997
24131
28497
29479
32772
20938
24176
30487
22239
28652
25034
19129
24716
13324
17357
11487
47166
20678
20236
41322
33314
42837
16906
7362
6582
7403
8620
6138
5570
9111
13396
24869
31952
31087
27592
11663
31059
59813
35633
33871
49707
51012
58041
58966
46366
52134
48854
38343
41757
11043
17675
20369
38016
21931
104758
109804
69482
49716
47681
51921
86398
56166
40518
21440
16353
29513
18072
43841
20278
54180
15292
81214
23929
54677
37227
30072
34351
62109
88986
118508
23275
81717
27784
67921
75317
71512
77545
63719
31853
72483
53956
56451
68620
58724
63117
41746
81829
34645
52009
54956
40018
43593
30987
59838
12745
59347
52757
11483
43025
36322
45611
16478
15121
13008
8473
11422
10771
47663
28471
14933
44812
38891
45534
14354
17572
14224
14596
16120
12533
10032
18716
27410
20556
18780
26319
35609
12445
24903
25631
23836
23840
13821
24803
21638
14877
6261
18885
29456
23798
31572
24797
21648
42586
36496
35243
51328
36910
25587
28826
45506
25079
64170
50348
80019
62314
85658
33659
31413
33491
44887
45615
31000
42899
55162
33555
38582
36853
14506
10754
37321
19373
39390
21572
32500
31663
14126
40942
12980
13368
11733
12170
11004
17986
23248
14314
35354
14041
9906
12150
17001
8005
10104
13042
12266
5170
8726
8115
6248
4798
19545
21228
17314
13643
25727
28156
10648
42736
18559
27172
11048
20900
15220
18291
25315
10361
24347
9966
7977
9182
23332
36853
25745
36054
30193
44771
33602
18504
25422
10177
8421
24952
5845
8948
24062
10990
10430
17387
14580
7823
20351
10226
25455
25392
33200
37003
35393
108411
40368
59099
92358
94900
84379
133309
87240
63338
83553
17168
76412
69960
74454
17491
18121
11609
24828
19361
11180
8017
6676
13528
15082
7342
9849
10868
9458
9393
12281
37407
30708
35974
19172
28396
16301
20892
25825
10593
22700
19104
21312
23128
12564
33561
26231
25183
31912
43938
87423
75078
91759
87612
53822
69434
63629
24322
90364
11004
50470
88684
40753
70781
74588
99052
45906
104002
106438
67222
100221
80376
61605
51356
59736
65743
95792
40705
81427
50709
79818
92927
16801
100229
106331
23119
53367
54267
49353
23420
24960
44007
6175
49596
24050
48568
46667
56057
31487
40896
21475
44367
37713
27572
53450
50230
26026
70941
34735
61836
21037
48106
69379
73301
75377
37070
40937
53868
66682
47513
27364
14280
16820
13405
11225
35804
17550
36755
15841
9317
7494
12529
9286
8973
8847
10697
7102
4663
6293
5020
8040
11708
13668
11720
14711
23713
13842
22006
36080
17417
19556
30426
32387
12641
42182
26787
29105
8505
7789
5918
7804
7950
13958
10981
10577
16240
13514
5511
15492
9827
10386
12300
9356
8034
5564
52646
32158
50146
66823
73158
85284
53530
39558
43577
35762
38274
56573
60278
64810
50662
55731
76215
69884
73995
40348
54749
34672
32986
66608
80840
23645
52376
28042
37533
19154
18764
29126
12895
18597
16800
14402
33290
11672
20186
7099
48702
44362
32487
34470
36575
19074
30638
53315
56328
13779
15856
17702
80164
86592
56965
91168
60990
64809
68477
85510
109520
93575
18989
33989
37753
33820
82231
47033
18013
61870
49830
11229
23964
19384
27706
19025
6485
10661
8708
4689
13476
8459
27873
23036
43315
49840
19226
37614
12081
17330
29774
20401
28199
87854
84132
62399
41706
33972
27452
61465
18250
63405
96763
79824
102815
59256
21124
29948
25201
15131
11286
69575
74271
98588
83201
28536
20087
17461
5256
12291
9820
14460
6883
7705
13121
5326
8673
40811
53692
27293
35791
33789
50120
66488
88535
40717
76137
30137
36935
20739
12543
17327
35098
49873
74362
72795
56218
65961
48806
53433
18192
59575
15533
28299
71216
20279
12390
16289
21588
26405
34870
30779
24295
32533
28013
50681
69121
108926
33986
58107
18545
26261
54724
32893
22821
29358
20181
93870
99332
38376
34196
34066
32303
58496
32898
20489
30267
17200
19116
27074
20439
16020
13285
24475
40929
11711
39554
14788
11889
23480
17759
21349
25554
18243
13535
23646
37625
36364
34807
19524
22195
30556
32871
25739
30295
35695
17043
8219
22091
14642
27321
20592
16704
13554
14218
11156
14062
9469
14294
16956
162035
51173
153591
127814
132793
130780
61209
77254
80636
143639
147012
95078
95984
24374
167304
166724
59774
49517
62026
16204
41024
51135
109201
117720
168764
63494
38484
66388
69348
73549
75154
43574
85519
30783
29800
27640
42256
24329
46224
56007
150515
80340
37309
166067
111890
40733
81457
57985
68777
26710
25217
59538
21410
22217
9533
21952
14979
25077
13338
10866
11431
15448
11327
43695
17052
9911
47587
44748
48878
34394
20969
27659
38273
16306
58049
24733
30756
31988
48524
21240
35454
14974
16330
16795
10526
9290
20134
14514
12431
10158
8120
12874
8093
11080
5611
13954
10636
10436
10445
10099
24265
8761
9360
11767
12670
12955
12941
14674
20041
66776
31290
60987
36181
21344
46441
18976
20169
37294
73764
27429
33360
29768
16859
21547
15721
20916
28082
10157
19906
10825
11302
8479
18160
6699
6437
5249
7194
9414
25502
17399
59543
23989
39534
36350
62154
66890
57946
64366
67964
75155
30659
53956
32629
37045
45209
41649
20063
25918
24763
36366
5819
8432
27956
14816
9252
8637
18094
21028
11168
8957
4899
9155
9559
12644
11440
15139
8768
17530
10088
7225
7764
46984
31849
43070
19149
31752
41785
18087
38718
27083
47053
19049
60912
32224
62060
29818
36514
62912
8603
49866
61576
33991
72736
46111
27546
62948
16833
11197
20537
23749
26578
44287
18984
21167
13857
20321
17085
9014
8178
16131
84682
70567
28314
38512
59198
78023
18641
33061
55641
27194
43952
42085
45508
58080
23841
21822
36073
52737
54839
32950
26459
76801
51316
48453
39709
76247
65886
63895
19100
24995
13812
24221
30864
15399
8846
13562
10638
8670
11399
24903
20577
10406
12958
5706
10124
15915
27198
14991
21327
21722
32166
27815
16502
25616
34118
48067
66436
43228
53521
50261
70181
52317
63119
46520
68606
38510
61543
65190
21478
64370
58750
40966
57696
48443
17211
29884
47984
24073
36901
35760
19465
26570
22210
13646
6915
21684
12657
9000
31349
14926
11137
12426
8571
10440
7083
8591
6560
11422
10303
10325
8225
7465
10376
13111
18805
14876
40474
23508
35826
28172
26347
32225
20168
10953
10066
8731
13840
7190
5162
8109
7458
8764
4963
11265
13171
7958
9837
7458
6097
6561
4575
5294
5566
14583
60204
42049
33389
32564
39626
13822
41347
67644
39512
79517
41693
87971
72326
81934
74278
59719
57668
65314
75593
49847
56268
43423
64255
70956
58188
51059
26907
48945
48753
31796
20508
16725
18910
18536
13296
10432
11598
9974
13043
27430
31673
52780
20495
35344
23349
19060
33896
42059
32505
58320
27054
28270
44579
39733
31714
83135
14984
11746
26151
14590
8961
11064
21126
30069
15136
23509
9571
13549
8415
10186
8548
7086
7913
7046
7971
6445
6397
11512
11568
15241
7569
14992
25589
18977
17115
49291
36160
47551
29750
36044
32057
26039
28709
58228
35034
61246
33344
11553
9946
13594
8190
12512
6675
7797
9567
23410
19827
15797
12766
11499
20036
13657
9376
15648
10601
15374
9667
8493
5751
52659
22730
50627
51754
26697
30259
45824
35301
37491
64197
67719
49407
19414
33298
44245
40230
46724
54702
43549
28332
30292
10015
25357
19343
30047
13672
7315
72637
58956
54308
21342
71076
30879
52086
47572
25804
32781
55046
78600
96533
21907
61452
57598
48672
24666
46732
70838
30973
68168
65183
120724
95350
107444
101466
73247
97698
22167
7551
5760
6499
7085
6157
10208
12414
9578
6529
7140
9599
14204
9108
9433
11340
7315
20474
45354
47835
28850
34240
58385
34431
27299
47247
25079
41557
57582
39620
33733
41732
23851
55931
20839
20625
55766
9176
11506
19100
16700
17528
21798
10071
6038
5559
6630
4950
7072
9035
10487
13626
37680
33129
42868
34963
25586
72131
92269
63003
68532
48160
30713
28929
46887
58049
54296
71483
53106
69447
119783
105822
56339
102479
60306
78307
36776
47249
68044
101473
68741
52226
49227
34524
35804
52658
33017
21894
43228
16839
23127
36293
39339
49731
97394
25090
44308
92624
57827
31700
89002
52465
74794
65805
71408
77541
75999
36220
35307
51429
43432
68370
47242
46562
33942
74980
51374
53561
21491
25465
23769
45447
27678
17120
27533
23846
28503
36394
18362
17503
16112
14862
12967
22473
21297
15484
20098
10476
17779
10911
11983
10030
13195
30755
26744
48596
44870
33108
35490
40803
39364
28740
32681
79059
39930
52577
35112
33570
34374
22534
18681
16996
21184
21583
30261
37062
38271
19743
20287
25471
12929
12212
10893
14765
39779
46281
20669
33181
58368
63507
62059
52420
29402
66899
19243
39406
21806
52484
40955
28891
12791
24246
36704
23286
21503
35656
50049
31501
17933
18073
26212
11920
32480
14785
14092
31448
9012
11153
9157
8756
13017
11374
14002
11091
13732
24483
46967
41376
31079
50822
35614
40690
36973
49222
31699
59914
48421
34893
43078
8565
11392
10611
19660
46016
10307
10966
18536
10159
9617
11216
9506
12541
9113
50857
54668
52755
39705
55816
84723
51468
74244
28151
42523
33252
96671
77262
36983
51627
87646
61758
30971
35994
59474
26477
39910
44513
53676
28880
8726
35587
7340
9030
7359
10662
11392
6615
11344
6355
6886
16562
7599
8505
8063
8030
9487
6050
9736
6563
8507
28296
16364
29523
32624
20398
20989
30582
34717
44899
33304
26788
21162
25299
13470
10701
22002
12632
15451
23284
26330
19257
21707
18368
24466
13029
6198
8717
72266
76677
81206
25760
50222
46853
43116
49423
36449
54840
13135
68508
50471
67690
17999
16134
40415
77244
45114
13350
48310
50165
39097
83251
70864
11197
6325
16982
9079
10245
8183
21944
26409
38863
16332
18595
8628
11190
9006
10893
10446
19710
24709
60988
23851
40054
51962
69079
43458
48411
28590
64789
56353
36842
67153
33078
59519
55446
76991
44015
62226
32412
69509
40714
52368
36691
48754
11438
9973
7432
30924
31784
13550
23189
9574
15033
10819
6614
6600
10950
7894
12253
10359
8530
7538
9996
9766
40071
38929
48492
29298
33773
35823
18677
52432
24240
59134
37449
18609
23815
22374
34546
32497
37934
41648
46261
27866
29297
13930
28555
27508
25319
73940
12472
17909
13156
10003
22830
11110
7182
8987
7758
19306
12903
6514
10418
9714
12639
35263
72300
56148
64545
66639
32034
38448
45357
35802
63684
41430
62144
47782
59964
54046
56144
70083
52478
33183
50749
45684
37617
14340
43071
20150
17892
10198
23040
21430
13640
10317
16667
14938
11475
15065
30676
21856
24934
5016
13384
9597
8787
7663
38701
33153
49561
37464
59774
61939
18135
41975
32598
22385
19544
36128
45440
20547
15741
17079
25754
18043
18082
30300
19763
16684
21521
25340
23357
14010
18749
24406
28340
21807
17852
15219
18290
55449
45745
38424
70216
24813
62154
36927
34113
71183
26484
55190
62575
33056
49112
36441
59084
19533
14291
55397
57421
30839
27161
26190
19257
39469
53921
22028
33664
23828
16933
23927
36003
36460
32482
30646
26194
18428
18830
33183
28467
38501
45199
42591
62108
25724
18269
39110
50118
48741
64470
27047
59585
37596
53970
41279
60076
20289
66807
36517
96937
28977
66148
77145
51601
41743
53000
26017
62164
40020
14290
75666
50482
26213
20359
24338
26898
16298
50813
34615
22964
28282
32417
12397
26151
18604
32377
30324
21809
22777
22016
11795
24405
17041
19904
37693
19392
31557
30804
28254
29384
56291
68286
54472
37044
94977
99633
23944
21228
22712
63118
98997
97850
64395
82532
94418
19515
49685
55948
57356
97441
120125
68561
105265
73071
62718
26146
27400
51925
45001
61957
66304
105583
82318
62413
72531
31700
50480
42011
31095
27976
89166
86932
71392
27570
16206
11295
48588
80020
71731
64139
52489
83701
45199
62797
68721
75541
86967
49591
28918
15796
31119
16468
34985
35751
30442
23864
18016
19584
11260
80512
53373
42302
22948
71121
32690
39300
65354
65989
72957
85323
54570
77311
43684
71381
73704
93853
88484
62657
45911
76600
72032
61047
59099
45276
85214
68610
91716
56165
41011
21515
51373
44285
35812
60539
20960
52077
32156
26679
36174
25413
21057
32852
20919
25592
19612
40810
37057
39517
35707
21978
33366
23467
27287
21117
15329
49357
11481
13018
17321
19251
62643
63578
26067
24657
33978
14959
43057
11913
18844
28955
33266
23331
21211
20573
10379
11543
10148
16882
8655
74560
71536
68725
95604
62397
74549
86203
49398
21228
46326
52122
49708
38492
45349
47400
43322
58356
42130
24855
21651
16396
30679
30427
23461
22741
36174
23821
36365
27171
37587
43795
33154
22191
8798
31198
29152
22009
26938
14015
16201
30088
16551
37139
12806
24146
31146
46291
28089
45614
33787
36576
38047
24191
29162
21096
27389
16543
26875
22604
48667
27511
20477
27933
25273
33479
33576
20224
13995
29531
13170
15786
27795
18297
11612
8520
8816
18044
10479
5240
4991
51267
48169
56159
54738
22746
40023
38207
12829
31663
29068
22711
25929
45045
14333
16054
34642
40115
39303
45614
24378
54609
11020
15445
10609
25159
9588
10483
32150
35952
29763
9156
18209
25063
17575
28026
29610
23257
17339
31286
33096
82402
84788
36047
29672
34570
18733
15169
36493
16949
18927
28342
17035
15542
9695
13818
9739
12831
11584
22908
19420
17436
23045
71949
25234
60858
73418
179209
88492
150001
137857
140978
169603
197845
82254
57853
43877
92707
36885
159669
117553
88075
82163
24187
41166
139245
58615
75289
77323
43477
121429
81723
45829
87307
143761
63451
49712
65617
72050
164057
38275
70097
92157
135270
75827
101254
182959
33119
15661
27988
15809
11999
20247
14692
11722
39219
40570
18604
8327
16688
14063
11128
8533
8514
13618
7950
15007
37161
26680
35026
23513
17308
50630
31290
28299
46955
27651
52289
37895
40934
53902
24739
46532
20856
45293
12066
14396
10549
9739
36350
38106
32290
37520
26455
26363
7114
11913
7046
18117
15071
6818
9975
41702
59131
43802
17653
21096
44738
51794
47117
26239
36585
39876
64813
88787
28637
54490
20355
68723
41817
101330
35325
46577
62768
87240
28799
90969
95129
55463
100422
29195
16285
17898
15525
37517
26019
37051
24299
28565
39640
36449
42059
38955
18029
16525
19321
17685
17945
16689
54339
18346
29333
23502
14406
24946
23224
10026
8355
47667
17759
104290
72358
53498
83989
28482
20567
60475
82640
56490
62534
52483
65682
42263
33118
90025
33240
19857
36036
33134
19326
23790
5157
21782
34406
63659
30542
42804
18940
26538
24915
51182
49631
78534
46917
40253
79180
31335
58205
19469
25451
36873
61814
22458
59229
35795
7203
9701
30956
20811
23784
19609
18832
20832
7391
24774
17147
17786
15130
26068
15344
16993
6235
12074
27730
27029
44590
21332
59891
69685
71056
51995
14697
51155
18318
33514
36747
61819
65757
69609
14293
17438
25890
21447
40239
13076
24015
22480
25080
21597
17903
18679
27405
19738
38819
84644
25717
61864
34257
60339
71640
32577
36760
54955
71095
57419
21671
43212
102331
106502
50079
104182
48615
93394
60844
88009
40714
80148
112458
59070
89729
23432
39197
46799
67351
54732
36066
47785
36645
47226
47310
49131
47739
44525
51907
77552
57510
40283
62333
34419
83011
38548
38332
61361
54406
49706
95861
28903
66967
49027
70395
67985
20272
12471
18173
21309
24410
39464
21424
22106
43077
28100
55028
48727
29245
37792
32727
31250
19822
39489
25313
30661
23677
15460
5810
33813
15544
19430
24544
21583
27289
24121
39879
57964
34796
70419
61185
32351
44036
84130
12457
9905
17780
15531
11106
12353
16431
12393
11098
7237
12510
7145
30011
14953
84551
17399
53122
80844
36732
45072
43323
55744
68050
84409
38211
46769
52850
63074
64144
66262
40347
27423
97709
105461
9214
8223
29577
45717
25292
123528
11436
19552
13058
11607
17480
12179
8811
8226
14502
16984
24724
22707
34851
31528
36894
45244
19433
37585
41108
33935
57696
64527
40131
46879
47347
55987
56355
52150
32426
34937
37170
22622
45406
32456
19812
35905
23252
21822
38927
24180
36343
23419
23661
29218
17604
22915
27051
30302
24457
37409
46870
35128
43503
75816
23068
14787
16200
20984
24845
37751
17733
16568
15448
8887
25751
14276
15392
13771
13289
11763
19370
20056
19525
18634
15008
46236
35437
26706
44393
17574
32171
27126
48911
57851
62605
41957
64919
41319
71309
49371
39731
56124
45482
58174
48099
78553
34942
29175
12626
13391
35351
41264
12845
19278
17500
22077
50104
77394
67850
93873
70926
72873
67042
55212
59812
19464
43763
53170
38291
33732
46965
28874
42874
24381
23427
33670
58102
48418
36337
40635
54399
23240
21379
40894
9701
19339
9703
18275
12194
20187
10134
13854
13477
7507
13490
19434
13934
56028
62717
70746
22699
50014
43419
77431
47351
85544
70682
67520
53354
95218
64179
24769
56898
28737
101150
59193
46472
51333
70153
35596
93248
65904
43190
45826
36186
31862
34133
46548
36691
24182
22887
30333
17033
45371
61539
30720
40757
45209
18080
19415
24616
48454
52136
14763
21895
19860
42366
15040
45866
26737
28224
18706
42112
39410
37353
29260
13759
53168
16852
31103
27358
37540
45421
19000
26527
11161
10045
19193
18506
16332
11368
12333
29357
13553
23366
8272
21442
19949
12488
22916
21316
64314
62412
71708
74726
25719
41068
43320
21192
34473
26256
33036
88853
53635
41424
47752
60574
33150
63078
27030
53016
42231
57416
39814
72963
70907
54133
27994
32951
31939
71295
25215
35255
23469
24581
11699
32321
39341
19289
36900
29851
23641
11896
6042
14581
11552
54694
30754
48205
26338
51409
28766
33467
49033
56987
89325
83051
46834
58633
55127
61793
33467
28372
35664
15884
22579
22116
17643
26328
13546
29049
17257
15284
8806
9869
13011
27298
41172
25842
14351
63474
53245
13619
37865
36023
23920
50149
56102
67279
44816
29163
47694
24001
30090
51848
55961
62315
39340
69631
78373
17256
29331
19212
36828
39953
75043
23915
48960
63163
69150
95189
49432
14275
12975
15816
11942
11803
28784
12390
8600
9825
8254
8965
13424
11723
18297
8678
12605
9061
11300
7062
57023
47768
23484
30008
20738
28610
35199
41330
57609
62978
53848
40172
10020
22354
18983
25978
55760
44509
62592
55244
37381
9421
63186
43908
37801
33891
38698
77128
26597
31805
21333
30217
11421
27959
19183
16692
27415
66191
19167
23501
84194
46500
64952
33066
76665
75102
33436
66086
48604
55216
59094
66642
47445
81835
51808
62127
72019
36820
48735
85560
66516
78422
70448
54474
80294
35795
30609
28373
36290
39187
76119
101030
115025
106719
130499
114843
132690
79771
92099
54996
69819
78245
52277
146918
62230
115559
88597
87645
105149
69566
57696
60816
103073
82992
96655
115780
73042
80837
118538
65774
119720
53408
56544
57939
54417
44809
96627
99628
81645
90388
58925
60659
56907
35423
42278
28656
69303
43508
63936
22464
81532
43346
39809
52305
55988
54200
44721
74916
41008
60817
91253
85558
59207
50461
67414
53329
60813
87813
68436
102475
84744
41848
68346
80270
59779
55798
54388
59955
34686
44801
35985
73946
115899
54963
86871
60285
158669
64303
66881
107649
37462
19240
52059
32545
61291
81063
99792
125914
60290
24393
24945
30446
28136
42791
49066
14752
29213
49432
17731
25004
29043
26515
23583
44499
29341
20279
19256
39711
21725
41899
28141
26485
48738
59560
60693
73804
91877
43860
48839
54200
24756
44962
34699
26492
44674
50843
39151
31730
51256
35517
27409
71868
25382
23079
70531
25276
42563
71310
33557
54020
46918
34898
27218
25651
37064
14017
12726
8340
21330
19462
23562
22060
13206
31641
27936
37973
49259
31571
23439
21160
47945
51276
63307
49393
46972
50060
67403
33750
31597
41515
44171
12655
34340
15547
29017
17438
23049
45689
47207
15279
40261
37414
6924
11081
20490
15180
36909
30975
31635
25482
42447
42568
40980
25926
19357
39432
41732
26352
54889
30092
31344
22101
59665
24823
55243
27595
22224
28955
23753
27257
49906
25582
21486
37925
67660
61739
52242
54491
86348
43665
57908
72046
83808
75025
80999
68365
86444
36545
56197
73710
69755
108905
80436
48313
60820
72936
45707
74293
87618
84555
86956
75234
73138
35130
31563
40516
41632
37851
26188
31394
35666
66310
47627
45832
45118
15145
128117
20892
131157
135336
53574
53748
48365
45778
69448
44024
58550
64924
40745
42830
67415
29715
46008
39975
84418
38559
56483
11108
19557
27300
88904
129965
110240
8102
18291
9050
10122
7517
9999
23181
21424
22649
27614
18765
12168
15645
26031
36657
24617
21289
9572
14190
42919
29070
47985
14980
19748
7001
39374
27473
28677
42588
28191
19847
37277
24260
8809
21308
19521
18026
13867
13599
11247
13676
11399
21742
21576
13705
10421
16026
17618
5583
9132
6393
7353
28216
20544
26196
56636
28323
76753
36810
48830
79162
71257
39387
33670
76064
44508
74149
67129
27194
83311
85048
71046
87171
41840
50219
75826
68102
44358
60223
41308
70007
14767
15713
20480
36720
15471
23422
15634
12109
12064
9309
8446
10797
69292
25942
66233
17996
42565
56071
98676
94997
64309
45607
62433
48498
26265
16651
43364
24324
42340
41338
9723
57182
27917
50940
32071
63019
61766
54619
67993
74399
35933
32158
38750
23869
40811
23837
34481
32776
25530
26220
44407
40804
27461
42846
18214
43114
18960
41303
31723
48691
17337
31916
25835
51778
60312
33391
64266
40843
54579
26612
15819
17090
14296
19477
17168
18526
16692
25393
21448
14579
17809
30832
32918
12993
74175
82315
43483
93693
52916
81723
63741
42382
49230
36667
89785
47668
74061
42189
88647
60326
98085
89106
91337
83546
80474
94354
52837
66492
27646
17440
83762
66950
27316
92105
77139
80264
22219
49002
108796
75518
14424
17868
76528
33985
70239
36278
64356
60545
33611
95138
70901
82543
16687
69224
41051
43286
104782
47486
76976
65898
90498
33505
80605
73032
29288
39647
99498
88333
77835
22074
26250
28338
15636
24458
32440
14151
30728
11629
31066
50094
29137
44667
13148
45370
35753
47454
32101
49020
27181
71122
48570
68761
18974
31635
35557
22990
47884
43169
70341
32480
32147
29987
22700
58524
55131
45648
75085
64717
69168
41503
27610
29627
64836
15604
17310
14640
56779
23160
23806
34474
46226
42778
15854
42957
27624
26340
10580
23343
51979
50545
34472
82021
32625
47024
38945
70331
43270
41229
45415
47612
25337
30657
23692
57784
30267
34936
40914
21960
22284
12375
16875
9908
6530
17072
13419
9399
12107
21514
18810
16495
13940
11836
14623
8821
19879
13735
7378
11771
9259
5948
6154
7389
51333
20841
18341
46464
31027
35527
45197
29686
37642
23285
9677
56215
54210
62371
41401
33636
44504
22535
40346
31891
15792
13906
25144
27133
12893
18300
12341
17012
11053
16366
12446
10929
8957
28162
12083
25128
16626
7727
8162
11974
7856
12733
18808
39663
27387
81609
36378
75924
54846
27218
22417
31535
35662
39806
43809
45865
48109
54630
50524
72845
26486
52454
35012
74389
59467
15208
33192
35448
9010
15001
23982
17935
24252
12993
7610
10593
11292
16177
16622
74425
55250
51901
70198
49755
53735
68694
47465
100125
35538
46020
30466
50738
38054
35097
40768
105214
106066
29768
83808
62032
82197
29424
48685
49941
15141
38985
35492
31960
40625
35246
11187
15714
33731
55494
42809
48731
26267
94504
71391
58636
98861
66922
107605
62355
104112
32351
48435
62533
24131
22368
37346
26655
30696
55209
32957
68813
21430
65439
20053
33068
26073
16834
27242
13720
17842
15869
19960
21603
18830
15499
19603
20586
17182
29370
22970
15393
21020
30886
21425
45233
30445
40057
39989
37869
31741
37543
56979
50881
28306
33348
23605
21828
40705
37955
27406
28646
10081
12714
17145
25617
15784
15240
14613
14825
11032
25296
44806
35951
33894
86609
20862
75918
25234
40943
19514
73258
98129
119634
94629
40893
74642
94225
115911
109708
109335
47158
36583
105977
30442
76449
34544
41416
109650
8276
10532
7606
12039
7626
6704
18040
12067
15687
18396
23795
25291
45983
57160
34631
40208
57333
42889
38588
73199
57738
48578
37954
95968
120096
102262
26939
91191
32766
35154
48641
80014
59325
38259
18405
24051
19070
29810
13739
12201
12571
10735
29067
50506
26136
36495
7096
25719
23682
13971
13370
9980
8742
11055
8083
9349
27521
15638
57510
30787
19085
33635
49455
47477
42398
51995
54625
38264
31328
11384
109172
11032
9164
94006
56821
67563
65884
117944
14452
16877
63170
84072
42297
93048
80182
92544
48663
25038
51175
10938
18439
76606
52370
40788
58014
80774
54924
60359
29014
38720
29887
49071
51274
78503
23686
43432
33692
25952
38141
36338
64395
68280
73099
48293
29336
23620
70469
60270
10322
17286
19293
13510
12856
11377
15397
32926
25335
22817
28986
17790
25495
20548
28819
31553
23015
41042
30566
34887
32934
27496
30157
44521
62656
33310
15228
33915
31265
26299
62990
82706
81093
59042
17381
22698
9527
11583
8856
14751
16658
9811
15202
20727
17430
23163
15844
10537
31664
33783
37598
49493
30026
51248
27471
49507
26450
44258
15625
26432
65217
12475
14813
17259
15089
19835
12772
14460
16148
26383
23275
28638
27077
32509
38925
23603
25037
24141
18512
54049
32013
15287
12814
22760
36897
39032
40489
25235
43332
19195
26153
20729
44036
37078
17986
69737
35038
33504
23195
28450
19881
21205
35170
36703
19501
38846
19780
27975
35072
12946
23416
29943
21930
18020
27512
21385
23001
14197
26413
23974
49282
50529
33363
15356
22522
20704
32614
25406
40303
12293
38095
31767
43849
17794
29774
33339
30501
26526
38769
37270
27670
26553
41458
45250
20852
27228
22074
26100
38896
28700
25443
23579
29073
42174
32448
29449
14634
23574
63936
67281
73381
30010
48284
33495
45235
36212
39826
30255
40007
60756
56680
52315
40316
28550
25620
45276
23118
43521
47636
40140
49670
45970
31551
33054
32413
34184
12627
45537
15676
43418
20810
40832
21106
5245
18507
12240
18099
19837
12494
35576
45404
40847
18380
31483
48218
12667
33551
17265
12076
12959
8852
13789
11138
8914
12968
12346
10809
16235
9562
14908
25421
28003
31210
64901
55677
70258
93145
63067
65429
79131
50965
55741
84240
62148
103376
104554
86735
109701
62196
55619
58498
100246
26566
27544
28239
104685
48523
58268
60090
49952
120289
51455
53593
31675
33338
46567
41560
43767
37761
32894
47055
30188
52879
40405
48558
36645
46010
35961
42410
22436
52996
50121
16287
25912
34593
33833
27543
17195
15431
22534
32198
13122
34493
46264
19114
30706
28454
19123
22287
21056
8816
10680
13666
15251
15427
22109
25863
23744
17019
16534
36049
53171
61378
47840
56812
25450
16472
18900
87138
36287
71359
29526
79521
43463
39322
50909
95381
28893
46582
53192
10287
31171
24678
29169
8521
37857
30138
29486
9057
49326
28886
10509
33037
87088
84067
20321
28338
33789
26484
18888
21214
25827
17737
47373
17715
15860
13329
19172
16794
12880
7111
10930
9384
6952
100132
65976
20470
14821
22975
92079
37548
36386
107721
92772
27947
104845
40724
64635
60655
77526
97828
72031
70461
47599
62107
75651
102919
62848
68899
38397
46901
77812
15432
24132
27934
32925
22290
16717
23928
80301
104818
79692
90113
66731
79713
99083
86484
97253
108502
51630
28975
73828
83936
63792
96027
42357
44997
52330
46862
87210
50045
33487
37755
59517
41157
50382
35636
68181
63850
81747
63544
71365
40499
59856
73757
82183
79049
30855
20673
21110
20096
30268
25535
17137
39653
47107
38302
18262
8263
12172
8818
45091
22734
53495
32228
63516
38270
126735
104290
47801
25607
111938
126176
100650
58327
90505
54643
83097
99304
79233
85970
18488
29195
65771
52019
81803
60183
70334
63098
76104
34666
46452
40674
30392
34271
21247
45983
15094
19307
25230
35322
58687
49173
70280
22569
39139
34430
29464
14182
80624
78574
73860
61037
34937
59530
65210
67459
76660
26760
46873
57130
74949
76760
61578
49712
55315
39741
38168
64414
60218
35164
70846
46942
53104
55013
27007
44958
15795
21319
12762
20598
5959
5470
5215
11961
14434
16507
43610
19923
29975
61530
64072
60609
55098
70754
41195
67288
99848
74351
75932
116747
78974
107206
80097
7467
41662
54839
60557
73909
40575
54621
49848
110955
65493
93367
49603
96254
42564
58745
36917
51088
31489
17382
10866
17096
10520
12728
8721
10652
14327
19514
12514
11462
18529
51153
92233
27808
88248
24460
26035
20667
90820
23417
83476
37807
19635
17305
83157
57093
47306
32737
87508
37384
70043
75360
83256
37157
21373
23775
14550
14602
13856
8275
18419
6860
12364
8848
21573
7078
5644
5698
7637
9548
12313
92324
81919
57290
26106
22298
73387
47798
26364
55203
91855
21457
69632
53107
69749
85639
64185
66267
58782
56458
37194
35234
23758
27790
40147
94261
12557
8639
33879
30705
13377
13958
14509
13809
20865
18544
11203
18119
46875
51454
66168
27033
40539
12747
11303
23708
22205
15270
14815
11409
66316
52379
36028
56770
46702
14009
10195
32242
27812
55083
91279
115890
111828
49491
84372
80129
118461
41682
76189
120766
160521
133301
135415
150328
153711
171384
177700
166477
143458
148615
49079
55341
190326
184819
85998
99596
173461
111336
81231
83252
100504
42813
75729
79717
53104
73678
97855
51529
70012
85506
93425
22592
96656
114782
55124
189443
125492
117628
90046
32741
109321
41621
21102
57373
32922
42422
22772
34910
52250
88503
62609
60378
42954
19241
21628
107289
106503
37931
113505
73956
76316
53632
70514
55099
22207
99052
15058
22856
18103
55104
55553
48610
13753
78781
72112
72264
56473
29964
26850
49681
25379
31396
21152
11930
18245
89264
69031
46938
16797
70706
45399
85922
77664
55930
70697
61006
35948
95222
99109
27435
33170
35429
51169
96522
68900
29138
77952
45632
53760
63921
91992
7133
68430
62088
42043
85570
59792
71981
35891
10643
48208
28267
32620
51053
11120
10980
10309
12425
18815
11825
6334
7556
11717
12660
9192
12734
15302
14452
23932
33044
35851
22811
25029
29703
19200
17166
30815
24989
15837
13389
10727
9969
16207
33848
66237
69640
11935
52700
69343
75611
54726
51860
84308
14990
10840
34704
36593
20762
29788
16812
13785
10928
17363
12254
23011
8974
7689
24979
7909
10655
18744
22983
8774
22983
12934
21448
45575
44438
38622
23631
34801
33139
25288
19442
21008
32839
13412
22049
6426
21525
28118
39865
53269
15700
65484
64566
17850
62127
54082
33827
28037
36528
34805
23968
27239
14459
21744
28621
27972
39986
39106
13208
11640
17241
42957
21754
56006
67906
24632
20383
47228
50761
32477
20939
41536
25466
36191
39252
53401
47580
46888
56229
30800
72562
68243
61223
74590
39260
83460
33496
19199
14395
25960
30193
18612
6766
16901
31030
15308
9594
31212
7381
21108
18344
14318
4893
4147
4873
7257
5064
4702
4971
61949
100157
107743
42365
44240
80417
62042
99085
47212
97063
73932
75316
88535
102898
66698
62364
108622
33097
56034
64295
54440
53492
61281
59333
16959
37023
33235
17189
25664
29339
23283
12768
45016
23324
29541
40676
51485
64716
27803
23318
17385
43360
26969
30125
14634
26197
28709
34499
58761
29199
26130
46215
24185
39066
45096
25361
55301
44767
22313
29018
36604
68790
64155
69232
52898
16940
80723
86393
84001
78212
34945
90059
10639
68907
13970
8656
11435
5732
8610
7383
6896
5147
8135
6426
90542
104479
52293
54363
20390
42419
44614
106782
48471
18682
40247
25128
27302
29309
24665
94940
20275
56198
90480
83230
85302
35364
56600
45640
65774
66701
18404
59541
82871
13144
22883
18738
20128
23002
14504
22955
21644
29099
23874
14708
18058
24207
32504
27676
56600
64005
24140
29495
32750
71591
55136
69148
41461
65904
67188
58549
37844
64764
54834
49302
53192
27072
85289
45463
22721
33657
83401
51858
19723
38984
77550
64826
51130
44802
28950
67234
14004
21268
5637
29568
25176
7499
29473
5915
5926
5376
4507
5159
8034
7614
5707
6086
5342
6524
84873
92324
66367
48980
87093
80656
47325
57526
75788
55700
95208
44853
53634
56014
62337
40688
83329
48446
43092
41967
22844
33915
32930
29092
43438
41055
38895
35343
32213
23289
17391
13464
10193
8577
8729
11187
39190
43824
42600
29824
32921
34954
25417
23733
47662
16753
19547
40593
39502
12735
15743
8985
13903
13338
10904
5371
10671
5125
9598
5121
5964
225275
95680
94215
88209
90367
32496
228327
93298
90627
150284
94651
219806
238503
89099
77269
86279
93849
44618
71173
108616
151169
49694
67620
88246
115599
55965
53829
58215
52326
191189
47725
62601
42390
146814
83998
187068
146373
196043
82097
188838
84739
71107
66661
76177
72953
90046
228528
206047
258494
31019
21681
34281
48990
244879
209711
55345
102067
35614
42269
40053
37463
14061
17987
20283
28763
32650
15983
30416
19203
37333
56676
45689
18557
23466
54679
43336
51299
91026
51204
63908
35038
57048
31545
35553
16828
13894
13182
6911
12425
7247
17942
9247
10810
8638
10519
7048
10968
11409
14177
13666
66139
54763
40727
41509
59833
65294
72330
51440
64962
55280
57148
38132
45386
62057
40428
86550
74948
50815
72404
83305
47784
69996
58356
46630
49339
74837
94691
14587
23596
80867
109988
107210
124854
25548
35624
43763
49256
93479
109896
75868
118187
32332
61858
56138
48412
67338
66395
77846
66828
48979
35240
40311
54925
74727
82962
47382
38228
47419
59950
65078
59322
20429
19043
51344
40011
50239
38098
42174
30322
29697
42074
22251
12481
17111
77768
44336
35816
62826
34846
77343
29482
73062
97129
59200
34392
44906
28350
69267
67401
49473
55091
21834
78318
62509
38420
86894
31431
33616
35864
32743
42522
16333
39125
15058
35736
26155
20731
14125
19222
20718
12545
9252
61165
75057
86292
18506
83700
56431
28768
50281
75024
87658
68823
48431
73240
53432
67606
47636
55141
32220
36827
41516
45287
31417
51788
48349
94228
32807
42520
39575
72008
74490
46112
52081
47128
71421
32602
25075
35210
38708
40736
58575
100238
84324
50710
76699
96851
82831
43211
79222
88435
56609
88336
50208
41190
19659
48295
23416
21210
51525
36287
72711
90497
71514
192109
180525
83879
47250
60802
47849
173265
186723
106245
150401
144572
196221
90011
102391
208243
138283
85974
80355
40858
43360
166063
122648
94756
117774
61996
86565
48560
84402
72757
79600
61356
131476
74937
86647
95702
140260
74066
105079
56115
44381
47482
92266
82549
86352
70248
46629
76042
88853
43353
39851
38730
24983
88020
62708
71329
86688
64374
92871
52362
44654
60757
77308
89021
81917
80359
80369
104807
98510
122832
57482
139512
134033
47558
109123
128635
95276
93994
117677
44369
160793
201517
86604
82645
116527
77090
79398
90271
87088
83980
89789
155176
171987
231805
252096
296642
308559
293226
206143
309275
205224
183163
244346
307778
220335
238903
194319
267545
341481
345813
290259
231855
243710
293302
227473
347470
299402
276251
354023
263120
260522
283131
293511
363169
204880
200592
140112
233327
299315
403443
243829
483873
189982
304758
273606
335155
218408
239262
308727
193248
127727
251848
131733
355624
179179
143463
208325
162153
279459
384032
356918
367049
224846
421390
278085
329810
171928
291767
430027
309107
440982
128508
204438
384316
340759
213747
162241
155491
313267
226911
250123
295476
177816
347318
338408
580636
438905
465041
283445
320558
279934
322917
238729
231213
257929
277021
380208
442019
392646
313781
345417
394475
380803
398420
243104
388239
368438
325430
355747
423541
445094
380270
463317
318321
414353
391976
446473
435776
420274
398900
396291
409692
345767
361831
299862
240216
418315
386506
366550
344184
271202
293880
329090
325209
348064
352440
301648
390121
388126
348631
410898
338179
368831
406797
296047
286742
308680
309538
355845
339448
309156
303131
349937
299523
263594
267574
282010
400112
272275
383380
298663
320014
299246
311824
437643
365447
260300
259076
301018
284981
497246
181310
281593
244092
458796
250271
190615
198649
184837
276018
273233
196871
282437
233887
200443
277606
274557
349455
296548
351500
467718
422008
323816
262076
341481
281728
261496
301586
306155
415067
391154
386887
305389
342602
251154
392736
320875
366236
388645
333194
462857
446727
517211
335266
483786
394110
533757
365159
327285
334234
334000
482004
444289
339110
448819
540942
471322
419497
475481
408680
548268
475595
453566
322135
278546
443751
297665
348625
554423
416782
587171
597482
454282
588386
505451
425948
440557
467257
550219
412205
453159
422943
463365
422755
452892
463360
510554
630776
502803
460926
686336
486481
708454
756765
729520
743496
484079
538023
646950
569968
641864
587075
436668
590886
525787
435147
608342
620400
463313
669406
565644
527373
693808
538044
648107
535704
700982
491630
603642
627582
656107
574961
535575
629573
542648
660631
615230
488581
487173
658812
671171
571345
329499
632681
539586
486220
462903
339116
427534
333689
471396
325841
533346
389906
341370
482833
314292
308653
430007
301683
323560
321650
435799
298321
305835
388088
390768
418846
287029
249286
302619
511093
321577
298376
276269
251636
265231
203299
432044
295131
404837
441034
386347
369580
333644
217748
249847
499720
317100
301500
496098
272186
512679
300440
263037
384789
248064
295942
280982
210410
364901
333124
295582
309328
246024
315918
325627
326558
295085
516338
262718
276577
250376
302970
281185
399660
259383
306162
429065
279315
522804
246140
216791
251732
299598
375040
308061
332434
245395
206102
259282
238292
217110
215133
263824
279123
300527
271548
317646
269641
258475
317187
169929
144604
191163
179337
154133
301249
310770
187350
281295
413096
217995
281320
297764
219700
291472
401147
396838
225721
395156
197237
205934
191216
211256
218579
315831
351861
363353
212901
252393
222756
98511
236617
243578
232078
216471
251371
123570
261348
135994
162240
197874
186652
111163
128027
298834
234887
306087
164242
251664
181395
190279
170185
191514
246123
214296
189678
197939
302837
240389
253969
218670
295902
369300
101816
210984
155771
166863
79874
220401
214902
306541
167310
211479
74941
199666
190081
192341
172645
209712
214930
146938
182880
161164
263246
217273
203449
144571
175502
399154
161750
239161
216437
192447
149492
180406
308005
221457
265288
156944
262963
213719
171172
166295
168834
226906
246614
227831
205122
148406
195231
220118
188315
271178
252544
224316
256914
217325
273827
197675
285569
233646
155276
190110
280988
270096
255687
267754
203800
207805
269508
187118
172541
249378
302657
153871
133111
163205
169114
183101
238274
120904
122955
175235
261267
194697
272930
390029
243056
225303
196612
175670
229273
193631
218128
254690
164360
282741
189374
116980
239778
194890
111232
184404
95495
174356
167374
180265
191681
135237
143080
141509
195782
137137
158277
119202
199690
198891
199194
167278
226827
185205
174755
179995
183958
167450
243974
185901
150664
69068
180562
270204
52136
65144
185260
85335
47133
168086
91116
155864
217749
170479
195277
83028
94798
64534
47045
184710
99676
39421
38894
25719
32475
73354
56498
83068
131647
112368
104528
154005
36814
69924
77795
36014
33167
26908
110374
112115
133519
41996
92939
87491
160769
141457
101077
58255
92827
40775
74818
111048
83767
78349
85007
116217
26685
140792
37429
17048
20448
79872
191937
70900
79484
49011
190650
72008
239282
168382
241839
141475
188814
190780
196307
84904
147226
133641
98409
117612
130531
143103
164218
145864
254040
152961
99165
95013
99197
142881
180228
153501
194633
95462
76393
23025
62847
97559
103433
69744
51458
84446
74121
134645
179263
76415
57454
98046
198803
180546
110224
145083
146352
87876
160565
100013
99475
108414
100702
230417
68716
132461
85920
138402
83803
105229
105047
180929
82467
134353
117422
96122
176707
165837
74704
162960
172032
81663
177657
104617
88755
215867
165691
111332
87781
111828
193031
218415
114090
165945
124420
144600
186865
208574
202562
276449
271093
64291
117178
108234
143415
142808
103030
176236
218238
157787
205853
193315
371412
277141
231446
280071
236499
167703
242834
175466
263908
343036
243398
436100
135059
240353
124774
134100
140177
198207
250733
235556
235778
74216
220618
192726
36188
70700
104372
241328
212005
222386
94389
230352
250924
143406
145361
127012
242489
102218
61819
159934
160824
144798
64476
85816
79970
87280
108362
75560
123991
87803
205186
169895
131121
76531
107157
146275
156483
192854
107408
145553
200212
166243
185398
254628
276168
164491
251160
128341
164426
135765
114718
148535
192144
161258
179792
186374
167549
169625
151096
177818
156254
159530
46307
165006
178674
67151
73061
70917
133850
120395
153561
98861
114744
42888
110019
111739
188470
197314
194039
167653
106556
93420
92486
100334
141824
52246
42085
51425
56224
49232
56996
62344
89820
68951
77202
78924
141879
55730
105062
79611
188995
38448
222798
220163
300418
217768
209576
214100
246432
310530
314637
241418
398948
204049
247644
184849
245553
275050
255590
206528
211603
225095
188196
244693
224847
237702
197049
241529
278857
211061
221370
170993
201250
194177
323920
147335
244006
202022
195565
301682
210834
259522
245729
240172
185986
250181
271775
298395
181011
176191
160227
240470
268483
238213
236296
241619
256621
257153
253259
192605
169995
180029
345621
348982
174194
374041
289872
212693
199162
198239
234527
271486
208713
188192
204605
211339
171756
162749
172291
233896
157547
347660
393762
184900
200430
248288
285058
201179
281256
187404
160677
190524
215488
153191
206718
167799
145270
205121
212287
296802
239185
224647
150900
171894
200665
177299
213112
229732
168427
89947
63966
356193
218388
270146
116937
201139
208650
59480
223639
190534
248807
89861
201685
247643
187086
69998
101266
281540
166914
292212
121852
71201
101147
82277
157146
164816
84638
101136
81024
105704
138341
50968
73524
88249
105643
115590
209947
121198
183130
137776
154652
132158
136442
154493
150447
110560
138562
107173
99217
47564
177328
104070
98558
164600
100912
144727
103845
283692
65813
154355
81231
182819
120850
85142
87368
103345
72244
100000
159538
153558
102305
117045
100103
154621
145003
267667
155955
265467
103536
140685
142554
127447
77619
117406
221074
180619
224368
177076
173031
240084
253282
268821
128459
89104
121609
82444
121773
194761
204864
92977
241044
186451
161058
87422
241739
214719
196884
152084
103041
226598
284605
178047
37448
37721
64827
154885
216732
158235
67697
170061
38928
69367
159054
90742
93853
31621
42899
180326
65731
37776
16271
24286
56484
120827
130292
158173
146164
154214
147450
124730
134870
172902
131192
159545
184678
133216
180128
214567
182394
257748
185926
159861
268396
93102
168425
174443
138347
144703
146430
169326
175513
171763
64719
70780
170470
111609
115932
63428
115802
75802
267568
85972
55311
108248
200733
226293
109455
184457
260038
150209
130665
228195
228769
196014
228734
194838
177033
233530
168632
99792
132992
270926
196660
72288
93135
78313
275042
83989
220292
171950
95090
67511
62760
102234
87129
80646
38219
47327
25952
38854
42749
25072
28768
40256
122694
39116
47206
82954
51724
45820
27283
26018
50488
41543
94217
31484
91673
82345
64624
151524
154657
59081
109309
119517
67938
49027
60055
166381
22941
33178
13397
26858
44340
21631
30965
92492
119217
98920
94435
88507
110536
106068
130146
149887
166750
98541
97674
112083
72496
93818
46860
188932
103953
149467
202703
116168
129528
196998
139040
143581
94066
135893
184196
315812
133336
199910
204253
198248
100355
152245
100888
95871
187427
85811
97846
48179
110283
108559
90149
86932
109061
132013
253959
129927
97190
102166
101227
125208
81605
147356
190854
209039
218916
182382
216767
206713
209205
169256
252460
245709
317366
332713
254110
299638
295543
266191
243888
266298
442316
394785
403716
274229
222177
370385
268823
215943
220239
424014
227571
277101
338679
332720
280271
390446
512384
389190
295317
209095
222109
301852
254609
348062
302611
229083
318672
338398
275752
242264
280689
370996
274739
313114
291753
311129
345542
482609
439709
341808
346207
427434
219813
214510
316550
238444
228562
214405
362221
237212
267450
437906
434480
313096
433197
329707
371774
468174
420081
237126
267728
257565
155290
327254
125722
265784
254396
136844
264958
172244
260043
225315
313278
381395
271690
117832
156244
162095
229752
196927
179035
189110
149970
193330
185450
205516
212301
246000
242530
155569
134661
132345
113076
89954
97772
101004
220803
113977
174874
242655
175085
229979
156217
150158
164098
174290
178038
181422
196814
259976
228328
136118
127234
228550
145692
200331
142078
194841
126948
130467
220261
171452
169329
165807
165044
236541
191769
148733
243161
112961
190115
229322
369257
303586
288463
348426
405635
334242
262076
301278
323985
314805
381093
411146
287064
280377
308711
447005
376968
287309
452363
371407
332240
377420
357420
347896
236455
258537
334453
338827
315076
501755
429769
225026
432262
263503
435555
334958
295059
354476
313287
355729
248542
195077
369351
357722
190382
316086
511357
391722
252598
188554
146735
384558
320040
571761
425217
476778
391826
443307
492935
386699
436996
383059
443867
265842
483792
303806
273180
414784
259494
454683
404810
124610
289206
337157
306471
371254
465500
172956
340050
334630
321891
297778
309421
293034
266573
282311
260709
250885
303007
305925
273463
331356
265045
155487
254325
229869
120894
290748
324756
142576
148394
225684
161665
313715
139848
313067
239763
309454
108540
283700
417117
231166
137704
177519
475811
300251
192075
413393
116253
118167
141593
369071
298009
282159
148718
245177
259242
373784
236713
202806
412839
204208
235268
111349
125791
145019
202367
197123
320014
204653
104283
335025
152656
392368
228148
156526
131777
121298
56761
205760
129463
140425
138322
85148
183439
177142
147256
65017
173783
119197
111059
64393
204111
99684
122490
94886
114687
102250
56982
134473
53433
67342
83095
87544
84516
93889
73029
51655
84846
89952
156826
60537
146560
15958
33372
114410
91206
86489
80930
57383
110943
59311
65710
69662
116808
76920
58072
89222
148510
102425
141018
88157
255779
156003
91991
149732
82558
97252
119542
85000
64155
59469
83534
217273
204913
104508
96102
76731
111855
83851
87120
65922
60113
106338
46107
45882
48046
56580
105217
168716
42884
114329
63385
91626
126810
83732
75802
165547
104251
115920
113444
92726
103133
100788
77847
76244
158648
92016
123909
107328
106734
48562
64041
129841
131894
190866
59725
129951
129063
185480
159186
152053
162877
115735
80019
110161
117666
189457
94307
103278
123826
167817
86921
192055
74302
199228
348992
69178
64150
154058
31421
121257
118553
80875
136863
119478
104812
111433
74122
182209
98140
120260
169209
84354
116510
187403
117206
104456
87458
98621
114094
110929
175287
165260
131299
37543
86287
149075
151395
180494
40117
61406
59981
57069
56344
98977
91811
60061
67504
46583
102985
183102
195351
235928
154126
202813
91839
156973
129235
134502
234314
158425
156200
190437
246079
228803
168073
262093
161703
221705
156105
162166
218244
186328
169004
189152
217855
242855
176575
244773
228126
224374
188549
236535
228975
253714
123244
149328
146680
167045
247096
171621
139671
268363
221252
197937
177923
135570
318885
196372
318384
292662
213264
151220
175085
104078
216314
179664
211094
200188
166720
181568
198931
207118
210846
246913
176264
241732
181569
232061
192579
192274
188082
242603
229438
202774
187797
181405
112204
190593
177737
161449
188319
146505
133637
135759
142259
178204
156575
232377
138714
222760
195159
180024
160891
163213
112801
177866
156940
143999
158624
130250
138408
120181
257865
249738
126291
157695
201776
96826
101868
109526
121464
103903
116612
100480
145819
100310
226750
180810
160381
103790
77861
77414
76549
198000
54595
126498
235822
201034
109381
110069
74141
76550
161550
93706
96265
127487
90134
40933
77095
75787
23941
82026
30850
79459
98005
121627
57236
153425
111930
115213
160639
154271
187196
153459
222201
262533
150077
140376
289856
211891
177568
243093
178547
122126
133537
250555
106559
111993
188950
243539
169555
163142
140833
304789
285595
319121
200659
102403
120500
206189
156864
225822
265182
192345
192725
84329
234993
204220
118406
128335
141584
182968
274869
244849
187181
223776
228720
200811
259103
180739
167291
205936
323530
109794
122089
79714
215067
80771
142686
152860
313125
137354
115487
113217
127238
171561
127955
101235
97520
91959
107428
192921
210315
130970
59192
79602
62450
77613
132607
61948
146206
111622
122258
138164
95119
127447
155358
103223
231473
143813
143610
131302
159401
156524
88962
164216
125348
77743
102828
58165
39005
58303
107069
112573
128985
99127
181169
45510
31037
133490
109633
118482
88450
127004
94015
81444
120497
131966
135844
117034
135528
125553
134908
144947
190577
190422
184349
194265
216100
218525
211798
192489
180883
174483
176890
234009
230376
245241
119264
127761
146342
144255
143206
171403
113547
93192
210431
170037
123853
132371
125236
207137
114999
247510
275380
327877
366147
319553
355731
244246
227923
187990
212552
225908
331496
234149
280328
245952
208672
337383
446664
423653
398966
437185
506101
401252
547069
414091
518616
422100
435827
495159
511613
559667
384399
529140
519803
471716
568352
454989
607140
446905
429797
445434
429365
510878
540915
465138
447293
454922
575567
439982
618142
502844
436763
479620
490330
450931
676252
365751
664574
536924
676023
741532
669361
659953
697088
706870
699144
651821
600681
687997
665818
711377
702248
677250
704800
708999
469531
561886
375184
592179
395902
545971
418318
461773
411570
540426
562590
475890
567018
439528
427828
435344
448050
405544
716787
724852
552756
424064
448903
584068
573405
332124
418890
326362
394840
318832
313468
347360
406216
417244
306998
625063
416072
454632
444364
577461
462006
329863
445987
407974
595742
442002
456383
416863
452509
564957
671235
420916
451476
505486
378167
410558
538961
609067
382343
371082
608183
468657
440609
472220
477070
324774
645330
403522
312832
638951
480635
531626
417045
407880
494245
351587
358222
353727
256926
330856
423114
361168
328060
374987
378692
349454
734567
317981
543655
438734
561643
613889
444746
470326
540268
300946
487738
510783
301525
362072
359668
233856
361721
579978
380751
513655
354633
336356
304757
296581
313018
308052
346683
287477
388766
337152
405049
320309
315839
248197
394745
305042
316538
458701
327154
398187
177559
188535
113529
259941
310423
213632
540251
449701
445136
328562
319489
244716
273839
331560
314579
390352
434074
205266
375845
465006
353229
374408
414979
323409
467009
439489
352732
288136
327240
270556
399829
420696
558474
545972
433847
471107
321689
598942
398568
600015
373904
363092
292704
383550
444080
626408
377202
465905
542086
373075
227436
227112
262891
394478
653990
342284
554669
446099
442177
430664
394129
541330
560879
428794
494381
551059
351815
609957
423557
443105
533365
393642
410493
570635
486968
285835
598521
267004
501340
518651
576241
422022
406978
529835
448436
517969
633897
516972
535309
444145
432176
188688
371164
351574
373313
413052
496867
125321
146559
428868
304143
299758
418569
472402
328729
374970
314808
337676
182657
227503
375319
145485
319649
179584
301936
370362
370470
138531
658199
376612
414557
186556
321332
459028
318377
172325
436607
370682
92367
102590
178979
162307
208947
122468
130925
117858
188197
223768
229784
368002
330524
338172
373944
260359
354034
280008
274698
342259
283747
337735
277727
239582
384232
295032
371817
389824
355458
419923
307436
211232
384029
190213
161816
368014
182749
258847
429667
200639
227070
204770
166098
222916
274905
311848
214008
192552
159193
266062
397374
261412
567294
400906
274002
277445
299352
179360
132667
190343
177583
333797
253223
248374
597862
212335
276158
210553
154290
229879
212995
221001
343929
202440
253182
238664
137332
562865
206659
292996
247505
200515
189707
230002
280934
227621
213773
239989
281293
204403
182039
149882
160999
234788
222120
182167
73668
269026
155563
304407
153446
105362
61305
156391
189102
234187
224424
311397
141294
138186
146353
185470
75627
155120
72752
151100
156567
275760
97506
235884
162554
90098
130645
138956
91558
61818
83370
65574
33918
44846
58179
82836
106916
76814
39353
33465
71885
60948
39008
36290
32688
19332
42339
33744
43069
18459
34195
28211
40344
44665
73313
71427
88810
73056
150441
118294
103147
109323
120185
82620
114577
90855
141878
103688
87758
95717
83720
160929
117909
73183
141600
153981
203430
248174
174721
191580
286378
154747
156164
248381
255335
276867
114093
66794
111796
53734
59045
144474
123563
175581
163963
68299
150047
120856
140038
128383
166105
151003
45786
149621
69680
53874
74956
187604
53101
57979
74839
56634
49931
51439
71034
30528
35493
51307
62398
119456
76202
88008
68860
59494
128509
105102
78464
87717
72029
108421
88499
111709
94633
102304
125719
62480
66144
86539
81872
144722
115864
99229
112482
93064
147343
115679
156640
164615
109636
103852
80027
143601
206425
149750
138843
118024
133838
159513
121013
127922
114767
139228
159640
159203
141420
146228
124953
294368
94214
98185
191159
92454
94855
97162
112788
106689
88852
96482
72778
73126
81693
21833
97203
91859
107042
26228
84332
46991
36750
28221
65204
150094
94158
128449
99743
222678
79182
149547
125653
171890
88273
147889
151842
210378
236888
321095
154059
258414
263726
283122
251710
315666
252174
276117
280463
300299
323123
285400
229804
168850
191580
197554
192281
282129
266527
321639
291748
269000
280095
306689
183013
232478
106777
157717
174018
229861
252587
281049
244136
166134
282398
172842
190381
167471
114568
209937
229774
251570
150485
62692
163620
115197
51363
84730
102741
158613
111886
53382
137634
176804
321214
114181
161033
157438
157126
251466
99804
76218
40933
80254
85120
72723
21973
85496
22616
31813
25080
50205
60941
118601
160332
176929
183958
170063
180633
298313
218688
208566
329158
418090
273390
370473
263792
236444
268464
187981
348067
165955
200316
154248
410254
306910
267675
326572
214007
335879
371588
311581
202733
395319
218767
370703
267440
170473
267915
262756
255161
293519
176950
358685
536295
397553
91936
192824
476004
274258
226996
264306
106627
202794
167323
334812
93932
89823
196354
457879
158967
173887
383087
203073
244908
253751
184168
375997
256198
282851
226566
263042
243091
220246
306996
368069
507434
323764
292763
279597
275461
282375
306454
374775
511131
230327
338151
348330
293983
196987
278433
340351
313802
282988
417619
332448
338031
266059
363803
486056
335555
308703
263938
199685
323210
287104
190235
142306
153965
154807
168097
149991
146888
183533
233139
224069
199144
327896
240089
229949
238732
192040
182538
216814
323710
363464
272303
347895
257676
355735
227947
243970
282682
237897
254715
146954
288988
286446
158766
117612
154359
96906
84229
129391
148113
151552
166429
148496
137762
87676
131663
90554
116881
198916
364741
134361
140305
110713
150488
132739
78306
207293
146749
150925
64578
165814
150891
168384
326030
55294
82004
88480
56884
102244
132978
120959
105986
88026
90588
306641
80491
54042
90406
111481
42416
78560
88737
93475
60189
99574
88425
62414
78413
45049
51955
86576
41880
43479
34098
110519
83158
51486
50612
152584
45701
115754
179679
91951
65452
96388
143500
59203
130198
144781
82401
87716
53891
68037
45905
87328
131921
37684
46691
55770
37922
75850
86777
63224
109354
56737
35373
48647
35565
95242
55174
42910
88066
113990
25493
41733
61315
37841
33064
39614
11808
38705
61433
23547
13850
33701
32722
26820
31311
22120
29925
50612
23690
50812
40848
46929
168624
216929
143758
289605
262431
361398
224729
235187
230572
329149
275046
310018
229358
294123
233066
269404
339624
295755
228177
217548
207771
137704
272238
242333
194027
380006
271558
389355
201501
422924
433468
242089
239164
248389
302239
258644
312956
372313
288778
391363
294638
387961
205341
229498
303609
183501
361305
450983
325671
185977
286470
214337
304400
117376
483462
206894
156660
292955
145300
79703
241839
80802
145636
171557
264177
122388
129930
119308
123884
186170
366130
211722
159456
158111
126439
126777
206617
166019
195177
129771
144717
129178
162513
64043
72298
137950
121010
126532
160814
129380
174290
131177
110982
101568
207247
96953
169468
138467
147194
103013
114555
107716
113994
153822
150514
247561
292080
264283
246400
182170
332462
233913
192123
165752
180278
202645
154743
211227
147300
211150
168018
172165
204559
168977
91285
194599
160796
101805
142509
83876
173510
142326
204447
297501
201525
423634
127724
278640
154976
120536
173660
102725
346337
199499
190947
228591
174011
236865
347689
223289
172411
55887
96623
84016
95886
78074
100319
105248
229555
83084
69040
91159
145471
128123
66035
120396
112135
95032
49593
132174
32215
171406
138801
189509
57509
156278
198491
189619
50667
116541
175091
90189
97183
52012
32962
32881
53176
68772
84739
106880
84348
88765
32084
71783
99030
33082
47863
63808
79764
97574
93462
20494
47245
43463
56311
54139
41106
69817
58716
24853
81167
26303
52947
55924
91066
85737
94772
108499
177387
140150
142173
172942
194446
120476
108844
132351
127066
92772
91398
156212
149468
175052
191433
140380
175616
70437
134008
99980
182225
174290
230838
169192
88168
172643
137288
106034
105550
96832
40379
147100
206552
82749
97730
74382
75862
78381
158749
82074
31551
33703
41431
40898
77562
52294
94360
40671
71270
48624
114332
51940
55892
140227
94399
100235
122459
126340
111971
145415
63289
104832
76504
99076
181309
86269
91144
119803
76602
71073
80603
26708
81736
167249
74224
219892
107096
40017
144838
114039
79710
87924
50889
118345
61449
60854
60681
64594
83960
66634
74586
62497
116919
38036
65100
47086
78448
87361
55405
61248
34548
24117
30672
45606
23963
18710
43737
104215
192466
233689
221071
143469
249568
121822
106858
89529
161425
157822
133018
106737
100755
175117
94744
170984
124937
232547
292107
287245
153459
240403
111041
105905
128326
306057
153484
249767
149997
175180
148273
213908
219336
240049
249035
158945
73521
152659
233378
96762
64476
99014
158468
241974
108457
76074
69556
188003
217872
80959
105813
49590
113866
84073
96283
153114
69035
91530
122009
73322
66235
92589
84466
145260
103063
44322
123486
32883
35712
50886
30292
32620
15400
14596
33563
36642
49719
42308
27378
32984
107858
68137
125346
274801
135463
53426
119460
88599
56687
48235
142752
102740
88967
92049
87656
51392
95177
87061
61140
72365
69845
107389
54659
56658
49103
35928
71328
75730
59295
53820
62096
96281
129634
62805
78664
128078
43178
75562
103948
54582
40204
98951
62005
83989
89186
72824
73245
106450
153218
134978
135430
156991
104622
62619
113046
41350
143045
84331
107815
171426
87641
108161
158141
106097
150146
100265
141836
165677
93362
125638
139763
98797
106899
212736
145342
150553
123654
127645
118400
78114
193097
28131
88108
125946
72036
89235
198483
46890
53167
54220
61990
71241
31239
46724
43048
50335
105809
166218
185923
192270
216427
323015
223628
374530
260927
343155
252969
401706
268652
278617
300922
290612
261631
403736
315817
288161
319816
292339
249268
342943
158451
185507
256811
226643
241419
139487
319571
231756
267485
270505
226156
221660
258980
470885
268105
357264
243511
249544
225497
221955
258078
237714
342107
418396
272871
390628
312363
382742
251664
157240
131883
401394
233717
159843
130020
396595
276082
209595
306369
257819
294726
315253
338797
265205
270335
289959
362356
308056
373620
285907
424245
395330
485079
335346
514707
372769
302965
432531
450284
410072
310065
309182
351975
354034
279579
326128
409136
320511
463253
632881
262403
284332
401342
525078
344644
473999
662818
324400
363908
623710
531704
607321
629502
643896
334034
488292
655534
596517
277071
248708
543212
206073
358030
331692
537929
481369
311495
256180
577471
370599
514905
394706
258974
317295
249405
466029
288074
473446
239263
247576
278339
441836
299144
391623
391774
253315
392003
389367
359647
451893
278918
285972
428281
579829
474855
325912
367938
610473
380435
500013
392455
482181
380600
495974
442412
503726
425655
589835
418017
430142
604217
207359
527382
384639
399082
549910
608585
196096
266522
246764
446520
485725
342748
290191
308292
319969
295662
329605
302733
297106
421164
313571
251879
587739
295692
327328
352676
402913
285669
317775
282403
345200
298518
300485
286434
293820
266299
443277
273267
296724
250236
304630
457985
321044
365025
305481
648735
292543
442336
250929
376244
644405
303926
353964
258403
465897
254496
263973
252555
268183
256117
294692
258111
247220
417209
202597
484505
442055
345423
338813
321228
219621
395312
394096
403300
329948
408150
363661
276932
385730
414839
356777
220945
208410
298632
287094
355890
383332
328879
254998
309179
265639
240942
283609
287501
250590
268421
407152
341777
312749
337914
314827
324877
297950
272918
358418
271607
341955
242639
462045
312377
296184
338906
335315
331423
397831
324886
456894
275039
350260
274654
210517
266277
184429
429783
366383
352808
291063
256527
316582
224903
274954
210180
291663
310068
265761
390557
354066
474850
456164
242031
287521
121522
87615
116935
95860
348507
95757
298038
287068
291936
303414
326981
310463
55875
422581
347026
392113
415207
124373
164297
351331
198926
487270
585562
340945
369632
420476
453192
442459
371158
437065
413675
668518
380947
301137
393296
483092
304966
302420
519505
252828
422448
272412
250708
317488
152812
486938
251289
300813
492945
412970
473892
463786
444589
456649
368284
370789
390627
420353
438595
452717
204752
451403
484797
449032
261083
211978
346354
225400
252263
252011
164092
177729
360509
212616
208707
364075
182849
441565
438267
423276
361585
454093
339915
274922
397928
269073
280686
428430
269625
399740
454982
374037
362189
407912
450773
404738
380998
307749
440693
179471
370956
226597
509396
205507
402793
239232
486058
212874
198377
408436
270858
388061
308792
285469
300847
523177
189360
398725
269985
266370
356853
284903
255447
270563
283302
252449
312257
191255
309980
367112
294518
333687
205272
260199
179354
301303
323462
320146
355492
284702
196940
218148
291891
283452
183735
360140
384653
250116
344666
209351
344831
307032
348494
379018
105317
128097
176266
172342
397451
355735
364277
167435
248207
312404
243603
209893
267198
302552
256839
192971
204222
291972
232985
451233
221912
298392
229626
445042
301535
220615
203495
297286
314824
197477
282406
298700
238834
220815
306229
195581
316391
122222
191508
205135
220215
135154
187370
153490
90608
202757
139189
131115
189728
115964
166040
133484
163185
159183
97706
232435
198368
207781
302714
303098
182081
204320
172237
190564
191971
213184
179799
139453
249204
196703
134712
221978
189069
205122
155331
179004
174807
191661
185722
174163
196774
147851
194498
337217
216809
246041
193722
276545
239986
242642
276293
259582
274509
229795
310534
216751
110560
116501
272968
143017
179316
151146
162966
89774
42626
171622
71955
90180
144495
99386
95261
118550
104114
135855
102712
146862
178823
185761
137107
110215
114330
54704
89001
109823
35432
113210
